# This file was generated by Animated Java via MC-Build. It is not recommended to edit this file directly.
$data merge entity $(bone_head) {transformation:[-0.8384f,0.2046f,-0.5052f,0.0f,0.3391f,-0.5299f,-0.7773f,1.4375f,-0.4268f,-0.823f,0.3749f,0.0f,0.0f,0.0f,0.0f,1.0f],start_interpolation:0,interpolation_duration:1}
$data merge entity $(bone_right_arm) {transformation:[-0.8019f,0.3173f,-0.5063f,-0.204f,0.0319f,-0.8235f,-0.5665f,-1022.4695f,-0.5967f,-0.4704f,0.6502f,-0.1106f,0.0f,0.0f,0.0f,1.0f],start_interpolation:0,interpolation_duration:1}
$data merge entity $(bone_left_arm) {transformation:[-0.8186f,0.1875f,-0.5429f,0.204f,0.469f,-0.3275f,-0.8203f,-2046.6555f,-0.3316f,-0.9261f,0.1801f,0.1106f,0.0f,0.0f,0.0f,1.0f],start_interpolation:0,interpolation_duration:1}
$data merge entity $(bone_right_leg) {transformation:[-0.7977f,0.0673f,-0.5993f,-0.1583f,0.4143f,-0.6609f,-0.6257f,-4094.0463f,-0.4382f,-0.7475f,0.4993f,0.4436f,0.0f,0.0f,0.0f,1.0f],start_interpolation:0,interpolation_duration:1}
$data merge entity $(bone_left_leg) {transformation:[-0.859f,-0.1335f,-0.4943f,0.0457f,0.4287f,-0.7155f,-0.5516f,-5118.1393f,-0.28f,-0.6857f,0.6718f,0.5541f,0.0f,0.0f,0.0f,1.0f],start_interpolation:0,interpolation_duration:1}
$data merge entity $(bone_torso) {transformation:[-0.8161f,0.0819f,-0.5721f,0.0f,0.3719f,-0.6832f,-0.6284f,-3070.5625f,-0.4423f,-0.7256f,0.5272f,0.0f,0.0f,0.0f,0.0f,1.0f],start_interpolation:0,interpolation_duration:1}
