# This file was generated by Animated Java via MC-Build. It is not recommended to edit this file directly.
$data merge entity $(bone_head) {transformation:[-0.8862f,0.2418f,-0.3953f,0.0f,0.2556f,-0.4564f,-0.8523f,1.4375f,-0.3865f,-0.8563f,0.3426f,0.0f,0.0f,0.0f,0.0f,1.0f],start_interpolation:0,interpolation_duration:1}
$data merge entity $(bone_right_arm) {transformation:[-0.7788f,0.48f,-0.4038f,-0.208f,-0.0068f,-0.6501f,-0.7598f,-1022.4728f,-0.6272f,-0.589f,0.5096f,-0.1057f,0.0f,0.0f,0.0f,1.0f],start_interpolation:0,interpolation_duration:1}
$data merge entity $(bone_left_arm) {transformation:[-0.8423f,0.1468f,-0.5186f,0.208f,0.4576f,-0.3138f,-0.832f,-2046.6522f,-0.2849f,-0.9381f,0.1972f,0.1057f,0.0f,0.0f,0.0f,1.0f],start_interpolation:0,interpolation_duration:1}
$data merge entity $(bone_right_leg) {transformation:[-0.8237f,0.3448f,-0.4502f,-0.1989f,0.2714f,-0.4574f,-0.8468f,-4094.1023f,-0.4979f,-0.8197f,0.2832f,0.4868f,0.0f,0.0f,0.0f,1.0f],start_interpolation:0,interpolation_duration:1}
$data merge entity $(bone_left_leg) {transformation:[-0.8901f,-0.0527f,-0.4528f,0.0091f,0.3414f,-0.7354f,-0.5854f,-5118.1921f,-0.3021f,-0.6756f,0.6725f,0.5924f,0.0f,0.0f,0.0f,1.0f],start_interpolation:0,interpolation_duration:1}
$data merge entity $(bone_torso) {transformation:[-0.8322f,0.138f,-0.537f,0.0f,0.359f,-0.6041f,-0.7115f,-3070.5625f,-0.4226f,-0.7849f,0.4532f,0.0f,0.0f,0.0f,0.0f,1.0f],start_interpolation:0,interpolation_duration:1}
