# This file was generated by Animated Java via MC-Build. It is not recommended to edit this file directly.
$data merge entity $(bone_head) {transformation:[-0.9223f,0.2998f,-0.2438f,0.0f,0.1447f,-0.3172f,-0.9373f,1.4375f,-0.3583f,-0.8997f,0.2492f,0.0f,0.0f,0.0f,0.0f,1.0f],start_interpolation:0,interpolation_duration:1}
$data merge entity $(bone_right_arm) {transformation:[-0.743f,0.6424f,-0.1877f,-0.2192f,0.1481f,-0.1157f,-0.9822f,-1022.4834f,-0.6527f,-0.7575f,-0.0092f,-0.0906f,0.0f,0.0f,0.0f,1.0f],start_interpolation:0,interpolation_duration:1}
$data merge entity $(bone_left_arm) {transformation:[-0.9079f,-0.0263f,-0.4184f,0.2192f,0.4021f,-0.3367f,-0.8514f,-2046.6416f,-0.1185f,-0.9412f,0.3163f,0.0906f,0.0f,0.0f,0.0f,1.0f],start_interpolation:0,interpolation_duration:1}
$data merge entity $(bone_right_leg) {transformation:[-0.735f,0.6419f,-0.2186f,-0.2904f,0.0018f,-0.3205f,-0.9472f,-4094.3058f,-0.6781f,-0.6966f,0.2344f,0.5814f,0.0f,0.0f,0.0f,1.0f],start_interpolation:0,interpolation_duration:1}
$data merge entity $(bone_left_leg) {transformation:[-0.9675f,0.1233f,-0.2209f,-0.0712f,0.1509f,-0.4197f,-0.895f,-5118.3849f,-0.2031f,-0.8992f,0.3875f,0.6721f,0.0f,0.0f,0.0f,1.0f],start_interpolation:0,interpolation_duration:1}
$data merge entity $(bone_torso) {transformation:[-0.8767f,0.2629f,-0.4028f,0.0f,0.3162f,-0.3159f,-0.8946f,-3070.5625f,-0.3624f,-0.9116f,0.1938f,0.0f,0.0f,0.0f,0.0f,1.0f],start_interpolation:0,interpolation_duration:1}
