# This file was generated by Animated Java via MC-Build. It is not recommended to edit this file directly.
$data merge entity $(bone_head) {transformation:[-0.9065f,0.2563f,-0.3355f,0.0f,0.2385f,-0.3448f,-0.9079f,1.4375f,-0.3484f,-0.903f,0.2514f,0.0f,0.0f,0.0f,0.0f,1.0f],start_interpolation:0,interpolation_duration:1}
$data merge entity $(bone_right_arm) {transformation:[-0.7464f,0.6529f,-0.1291f,-0.2226f,0.221f,0.0602f,-0.9734f,-1022.4873f,-0.6278f,-0.7551f,-0.1892f,-0.0855f,0.0f,0.0f,0.0f,1.0f],start_interpolation:0,interpolation_duration:1}
$data merge entity $(bone_left_arm) {transformation:[-0.9239f,-0.0637f,-0.3773f,0.2226f,0.3793f,-0.2825f,-0.8811f,-2046.6377f,-0.0504f,-0.9572f,0.2851f,0.0855f,0.0f,0.0f,0.0f,1.0f],start_interpolation:0,interpolation_duration:1}
$data merge entity $(bone_right_leg) {transformation:[-0.6823f,0.68f,-0.2684f,-0.3098f,-0.0311f,-0.3938f,-0.9187f,-4094.382f,-0.7304f,-0.6185f,0.2898f,0.5997f,0.0f,0.0f,0.0f,1.0f],start_interpolation:0,interpolation_duration:1}
$data merge entity $(bone_left_leg) {transformation:[-0.9887f,0.1164f,-0.0943f,-0.0873f,0.0714f,-0.1872f,-0.9797f,-5118.4572f,-0.1317f,-0.9754f,0.1768f,0.6853f,0.0f,0.0f,0.0f,1.0f],start_interpolation:0,interpolation_duration:1}
$data merge entity $(bone_torso) {transformation:[-0.8903f,0.2888f,-0.3522f,0.0f,0.3008f,-0.2079f,-0.9308f,-3070.5625f,-0.342f,-0.9345f,0.0982f,0.0f,0.0f,0.0f,0.0f,1.0f],start_interpolation:0,interpolation_duration:1}
