# This file was generated by Animated Java via MC-Build. It is not recommended to edit this file directly.
$data merge entity $(bone_head) {transformation:[-0.9031f,0.2342f,-0.3599f,0.0f,0.2847f,-0.3008f,-0.9102f,1.4375f,-0.3214f,-0.9245f,0.205f,0.0f,0.0f,0.0f,0.0f,1.0f],start_interpolation:0,interpolation_duration:1}
$data merge entity $(bone_right_arm) {transformation:[-0.7559f,0.6493f,-0.0842f,-0.2258f,0.2788f,0.2028f,-0.9387f,-1022.4913f,-0.5924f,-0.733f,-0.3344f,-0.0804f,0.0f,0.0f,0.0f,1.0f],start_interpolation:0,interpolation_duration:1}
$data merge entity $(bone_left_arm) {transformation:[-0.9354f,-0.1102f,-0.3359f,0.2258f,0.3523f,-0.2117f,-0.9116f,-2046.6337f,0.0294f,-0.9711f,0.2369f,0.0804f,0.0f,0.0f,0.0f,1.0f],start_interpolation:0,interpolation_duration:1}
$data merge entity $(bone_right_leg) {transformation:[-0.6535f,0.7099f,-0.2628f,-0.3236f,-0.0155f,-0.3597f,-0.9329f,-4094.4605f,-0.7568f,-0.6055f,0.2461f,0.6108f,0.0f,0.0f,0.0f,1.0f],start_interpolation:0,interpolation_duration:1}
$data merge entity $(bone_left_leg) {transformation:[-0.9973f,0.0703f,0.0218f,-0.0979f,-0.0176f,0.0598f,-0.9981f,-5118.5316f,-0.0715f,-0.9957f,-0.0584f,0.6912f,0.0f,0.0f,0.0f,1.0f],start_interpolation:0,interpolation_duration:1}
$data merge entity $(bone_torso) {transformation:[-0.9031f,0.3066f,-0.3007f,0.0f,0.2847f,-0.0967f,-0.9537f,-3070.5625f,-0.3214f,-0.9469f,0.0f,0.0f,0.0f,0.0f,0.0f,1.0f],start_interpolation:0,interpolation_duration:1}
