# This file was generated by Animated Java via MC-Build. It is not recommended to edit this file directly.
$data merge entity $(bone_head) {transformation:[-0.9167f,0.262f,-0.3016f,0.0f,0.26f,-0.1821f,-0.9483f,1.4375f,-0.3034f,-0.9477f,0.0988f,0.0f,0.0f,0.0f,0.0f,1.0f],start_interpolation:0,interpolation_duration:1}
$data merge entity $(bone_right_arm) {transformation:[-0.7682f,0.6381f,-0.0523f,-0.2288f,0.3111f,0.3006f,-0.9016f,-1022.4954f,-0.5596f,-0.7088f,-0.4295f,-0.0752f,0.0f,0.0f,0.0f,1.0f],start_interpolation:0,interpolation_duration:1}
$data merge entity $(bone_left_arm) {transformation:[-0.9433f,-0.1566f,-0.2928f,0.2288f,0.3137f,-0.1313f,-0.9404f,-2046.6296f,0.1089f,-0.9789f,0.173f,0.0752f,0.0f,0.0f,0.0f,1.0f],start_interpolation:0,interpolation_duration:1}
$data merge entity $(bone_right_leg) {transformation:[-0.6778f,0.7248f,-0.1234f,-0.3319f,0.0517f,-0.1205f,-0.9914f,-4094.5401f,-0.7334f,-0.6783f,0.0442f,0.6145f,0.0f,0.0f,0.0f,1.0f],start_interpolation:0,interpolation_duration:1}
$data merge entity $(bone_left_leg) {transformation:[-0.994f,0.0082f,0.1095f,-0.1031f,-0.103f,0.2757f,-0.9557f,-5118.6072f,-0.038f,-0.9612f,-0.2732f,0.6897f,0.0f,0.0f,0.0f,1.0f],start_interpolation:0,interpolation_duration:1}
$data merge entity $(bone_torso) {transformation:[-0.9152f,0.3164f,-0.2495f,0.0f,0.2682f,0.0162f,-0.9632f,-3070.5625f,-0.3007f,-0.9485f,-0.0997f,0.0f,0.0f,0.0f,0.0f,1.0f],start_interpolation:0,interpolation_duration:1}
