# This file was generated by Animated Java via MC-Build. It is not recommended to edit this file directly.
$data merge entity $(bone_head) {transformation:[-0.9301f,0.2908f,-0.2242f,0.0f,0.222f,-0.0411f,-0.9742f,1.4375f,-0.2925f,-0.9559f,-0.0263f,0.0f,0.0f,0.0f,0.0f,1.0f],start_interpolation:0,interpolation_duration:1}
$data merge entity $(bone_right_arm) {transformation:[-0.7785f,0.6265f,-0.0367f,-0.2317f,0.3153f,0.3399f,-0.886f,-1022.4997f,-0.5426f,-0.7014f,-0.4622f,-0.07f,0.0f,0.0f,0.0f,1.0f],start_interpolation:0,interpolation_duration:1}
$data merge entity $(bone_left_arm) {transformation:[-0.9495f,-0.1923f,-0.248f,0.2317f,0.2612f,-0.0459f,-0.9642f,-2046.6253f,0.174f,-0.9803f,0.0938f,0.07f,0.0f,0.0f,0.0f,1.0f],start_interpolation:0,interpolation_duration:1}
$data merge entity $(bone_right_leg) {transformation:[-0.7433f,0.6648f,0.0737f,-0.3348f,0.1353f,0.2574f,-0.9568f,-4094.6198f,-0.6551f,-0.7012f,-0.2813f,0.6106f,0.0f,0.0f,0.0f,1.0f],start_interpolation:0,interpolation_duration:1}
$data merge entity $(bone_left_leg) {transformation:[-0.9853f,-0.035f,0.1673f,-0.1032f,-0.166f,0.4289f,-0.888f,-5118.6826f,-0.0407f,-0.9027f,-0.4284f,0.6806f,0.0f,0.0f,0.0f,1.0f],start_interpolation:0,interpolation_duration:1}
$data merge entity $(bone_torso) {transformation:[-0.9266f,0.3186f,-0.1998f,0.0f,0.2512f,0.1291f,-0.9593f,-3070.5625f,-0.2798f,-0.9391f,-0.1996f,0.0f,0.0f,0.0f,0.0f,1.0f],start_interpolation:0,interpolation_duration:1}
