# This file was generated by Animated Java via MC-Build. It is not recommended to edit this file directly.
$data merge entity $(bone_head) {transformation:[-0.9404f,0.3128f,-0.133f,0.0f,0.1767f,0.1157f,-0.9774f,1.4375f,-0.2904f,-0.9427f,-0.1641f,0.0f,0.0f,0.0f,0.0f,1.0f],start_interpolation:0,interpolation_duration:1}
$data merge entity $(bone_right_arm) {transformation:[-0.7836f,0.62f,-0.0392f,-0.2343f,0.3034f,0.3268f,-0.8951f,-1022.5041f,-0.5421f,-0.7133f,-0.4442f,-0.0647f,0.0f,0.0f,0.0f,1.0f],start_interpolation:0,interpolation_duration:1}
$data merge entity $(bone_left_arm) {transformation:[-0.9575f,-0.2059f,-0.2021f,0.2343f,0.1975f,0.0431f,-0.9794f,-2046.6209f,0.2104f,-0.9776f,-0.0006f,0.0647f,0.0f,0.0f,0.0f,1.0f],start_interpolation:0,interpolation_duration:1}
$data merge entity $(bone_right_leg) {transformation:[-0.8126f,0.5457f,0.2046f,-0.3328f,0.1962f,0.5867f,-0.7857f,-4094.6985f,-0.5488f,-0.5983f,-0.5838f,0.5992f,0.0f,0.0f,0.0f,1.0f],start_interpolation:0,interpolation_duration:1}
$data merge entity $(bone_left_leg) {transformation:[-0.9811f,-0.0199f,0.1922f,-0.0984f,-0.1741f,0.523f,-0.8343f,-5118.7569f,-0.084f,-0.8521f,-0.5166f,0.6639f,0.0f,0.0f,0.0f,1.0f],start_interpolation:0,interpolation_duration:1}
$data merge entity $(bone_torso) {transformation:[-0.9372f,0.3136f,-0.1525f,0.0f,0.2337f,0.2403f,-0.9422f,-3070.5625f,-0.2588f,-0.9187f,-0.2985f,0.0f,0.0f,0.0f,0.0f,1.0f],start_interpolation:0,interpolation_duration:1}
