# This file was generated by Animated Java via MC-Build. It is not recommended to edit this file directly.
$data merge entity $(bone_head) {transformation:[-0.9817f,0.1775f,-0.0684f,0.0f,-0.0061f,0.3297f,0.9441f,1.4375f,0.1901f,0.9273f,-0.3226f,0.0f,0.0f,0.0f,0.0f,1.0f],start_interpolation:0,interpolation_duration:1}
$data merge entity $(bone_right_arm) {transformation:[-0.853f,0.5096f,-0.1128f,-0.2368f,0.0434f,0.2846f,0.9577f,-1022.6164f,0.5202f,0.812f,-0.2648f,0.0594f,0.0f,0.0f,0.0f,1.0f],start_interpolation:0,interpolation_duration:1}
$data merge entity $(bone_left_arm) {transformation:[-0.9473f,-0.1024f,-0.3035f,0.2368f,-0.3184f,0.4033f,0.8579f,-2046.5086f,0.0346f,0.9093f,-0.4147f,-0.0594f,0.0f,0.0f,0.0f,1.0f],start_interpolation:0,interpolation_duration:1}
$data merge entity $(bone_right_leg) {transformation:[-0.8818f,0.467f,-0.0663f,-0.2018f,0.0479f,0.2285f,0.9724f,-4094.8953f,0.4693f,0.8542f,-0.2238f,-0.5804f,0.0f,0.0f,0.0f,1.0f],start_interpolation:0,interpolation_duration:1}
$data merge entity $(bone_left_leg) {transformation:[-0.9893f,0.0178f,-0.1446f,0.0349f,-0.1009f,0.6325f,0.7679f,-5118.8413f,0.1051f,0.7743f,-0.624f,-0.6398f,0.0f,0.0f,0.0f,1.0f],start_interpolation:0,interpolation_duration:1}
$data merge entity $(bone_torso) {transformation:[-0.9471f,0.1214f,-0.2972f,0.0f,-0.2158f,0.4448f,0.8693f,-3070.5625f,0.2377f,0.8874f,-0.3951f,0.0f,0.0f,0.0f,0.0f,1.0f],start_interpolation:0,interpolation_duration:1}
