# This file was generated by Animated Java via MC-Build. It is not recommended to edit this file directly.
$data merge entity $(bone_head) {transformation:[-0.9461f,0.3219f,-0.0353f,0.0f,0.1304f,0.279f,-0.9514f,1.4375f,-0.2964f,-0.9047f,-0.3059f,0.0f,0.0f,0.0f,0.0f,1.0f],start_interpolation:0,interpolation_duration:1}
$data merge entity $(bone_right_arm) {transformation:[-0.7831f,0.6194f,-0.0559f,-0.2368f,0.2879f,0.2813f,-0.9154f,-1022.5086f,-0.5512f,-0.733f,-0.3986f,-0.0594f,0.0f,0.0f,0.0f,1.0f],start_interpolation:0,interpolation_duration:1}
$data merge entity $(bone_left_arm) {transformation:[-0.9713f,-0.1778f,-0.1582f,0.2368f,0.1301f,0.1602f,-0.9785f,-2046.6164f,0.1994f,-0.9709f,-0.1324f,0.0594f,0.0f,0.0f,0.0f,1.0f],start_interpolation:0,interpolation_duration:1}
$data merge entity $(bone_right_leg) {transformation:[-0.8564f,0.4592f,0.2363f,-0.326f,0.2228f,0.7413f,-0.6331f,-4094.775f,-0.4659f,-0.4895f,-0.7371f,0.5804f,0.0f,0.0f,0.0f,1.0f],start_interpolation:0,interpolation_duration:1}
$data merge entity $(bone_left_leg) {transformation:[-0.9817f,0.0509f,0.1835f,-0.0893f,-0.1223f,0.5698f,-0.8126f,-5118.829f,-0.1459f,-0.8202f,-0.5532f,0.6398f,0.0f,0.0f,0.0f,1.0f],start_interpolation:0,interpolation_duration:1}
$data merge entity $(bone_torso) {transformation:[-0.9471f,0.3021f,-0.1087f,0.0f,0.2158f,0.3483f,-0.9122f,-3070.5625f,-0.2377f,-0.8874f,-0.3951f,0.0f,0.0f,0.0f,0.0f,1.0f],start_interpolation:0,interpolation_duration:1}
