# This file was generated by Animated Java via MC-Build. It is not recommended to edit this file directly.
$data merge entity $(bone_head) {transformation:[-0.9765f,0.093f,0.1943f,0.0f,0.0548f,0.9796f,-0.1933f,1.4375f,-0.2083f,-0.1781f,-0.9617f,0.0f,0.0f,0.0f,0.0f,1.0f],start_interpolation:0,interpolation_duration:1}
$data merge entity $(bone_right_arm) {transformation:[-0.9701f,0.2328f,-0.069f,-0.2482f,0.1988f,0.5986f,-0.776f,-1022.5422f,-0.1393f,-0.7665f,-0.627f,-0.0218f,0.0f,0.0f,0.0f,1.0f],start_interpolation:0,interpolation_duration:1}
$data merge entity $(bone_left_arm) {transformation:[-0.9983f,-0.0193f,0.0552f,0.2482f,-0.0526f,0.7092f,-0.703f,-2046.5828f,-0.0256f,-0.7047f,-0.709f,0.0218f,0.0f,0.0f,0.0f,1.0f],start_interpolation:0,interpolation_duration:1}
$data merge entity $(bone_right_leg) {transformation:[-0.9001f,0.4352f,0.0179f,-0.1995f,0.3105f,0.6698f,-0.6745f,-4095.1764f,-0.3055f,-0.6016f,-0.7381f,0.2677f,0.0f,0.0f,0.0f,1.0f],start_interpolation:0,interpolation_duration:1}
$data merge entity $(bone_left_leg) {transformation:[-0.9721f,0.2017f,-0.1198f,0.0487f,0.2315f,0.7426f,-0.6285f,-5119.1966f,-0.0377f,-0.6387f,-0.7686f,0.2895f,0.0f,0.0f,0.0f,1.0f],start_interpolation:0,interpolation_duration:1}
$data merge entity $(bone_torso) {transformation:[-0.9929f,0.1097f,0.0463f,0.0f,0.081f,0.9076f,-0.4119f,-3070.5625f,-0.0872f,-0.4052f,-0.9101f,0.0f,0.0f,0.0f,0.0f,1.0f],start_interpolation:0,interpolation_duration:1}
