# This file was generated by Animated Java via MC-Build. It is not recommended to edit this file directly.
$data merge entity $(bone_head) {transformation:[-0.9693f,0.2022f,-0.1402f,0.0f,-0.0602f,0.3575f,0.932f,1.4375f,0.2386f,0.9117f,-0.3344f,0.0f,0.0f,0.0f,0.0f,1.0f],start_interpolation:0,interpolation_duration:1}
$data merge entity $(bone_right_arm) {transformation:[-0.8306f,0.5448f,-0.1152f,-0.2343f,-0.0552f,0.1252f,0.9906f,-1022.6209f,0.5541f,0.8292f,-0.0739f,0.0647f,0.0f,0.0f,0.0f,1.0f],start_interpolation:0,interpolation_duration:1}
$data merge entity $(bone_left_arm) {transformation:[-0.9425f,-0.1242f,-0.3103f,0.2343f,-0.3338f,0.4008f,0.8532f,-2046.5041f,0.0184f,0.9077f,-0.4192f,-0.0647f,0.0f,0.0f,0.0f,1.0f],start_interpolation:0,interpolation_duration:1}
$data merge entity $(bone_right_leg) {transformation:[-0.8153f,0.5672f,-0.1164f,-0.23f,0.0917f,0.325f,0.9413f,-4094.8388f,0.5717f,0.7568f,-0.3169f,-0.5992f,0.0f,0.0f,0.0f,1.0f],start_interpolation:0,interpolation_duration:1}
$data merge entity $(bone_left_leg) {transformation:[-0.9941f,0.0352f,-0.1026f,0.0043f,-0.074f,0.471f,0.879f,-5118.7804f,0.0792f,0.8815f,-0.4656f,-0.6639f,0.0f,0.0f,0.0f,1.0f],start_interpolation:0,interpolation_duration:1}
$data merge entity $(bone_torso) {transformation:[-0.9372f,0.1641f,-0.3077f,0.0f,-0.2337f,0.3594f,0.9035f,-3070.5625f,0.2588f,0.9187f,-0.2985f,0.0f,0.0f,0.0f,0.0f,1.0f],start_interpolation:0,interpolation_duration:1}
