# This file was generated by Animated Java via MC-Build. It is not recommended to edit this file directly.
$data merge entity $(bone_head) {transformation:[-1.0f,0.0f,0.0f,0.0f,0.0f,0.9763f,-0.2164f,1.4375f,0.0f,-0.2164f,-0.9763f,0.0f,0.0f,0.0f,0.0f,1.0f],start_interpolation:0,interpolation_duration:1}
$data merge entity $(bone_right_arm) {transformation:[-0.9914f,0.1245f,0.0392f,-0.25f,0.1305f,0.9456f,0.2981f,-1022.5625f,0.0f,0.3007f,-0.9537f,0.0f,0.0f,0.0f,0.0f,1.0f],start_interpolation:0,interpolation_duration:1}
$data merge entity $(bone_left_arm) {transformation:[-0.9914f,-0.1245f,0.0392f,0.25f,-0.1305f,0.9456f,-0.2981f,-2046.5625f,0.0f,-0.3007f,-0.9537f,0.0f,0.0f,0.0f,0.0f,1.0f],start_interpolation:0,interpolation_duration:1}
$data merge entity $(bone_right_leg) {transformation:[-0.9848f,0.1504f,-0.0868f,-0.125f,0.1736f,0.8529f,-0.4924f,-4095.25f,0.0f,-0.5f,-0.866f,0.0f,0.0f,0.0f,0.0f,1.0f],start_interpolation:0,interpolation_duration:1}
$data merge entity $(bone_left_leg) {transformation:[-0.9848f,-0.1735f,-0.0076f,0.125f,-0.1736f,0.9839f,0.043f,-5119.25f,0.0f,0.0436f,-0.999f,0.0f,0.0f,0.0f,0.0f,1.0f],start_interpolation:0,interpolation_duration:1}
$data merge entity $(bone_torso) {transformation:[-1.0f,0.0f,0.0f,0.0f,0.0f,1.0f,0.0f,-3070.5625f,0.0f,0.0f,-1.0f,0.0f,0.0f,0.0f,0.0f,1.0f],start_interpolation:0,interpolation_duration:1}
