# This file was generated by Animated Java via MC-Build. It is not recommended to edit this file directly.
$data merge entity $(bone_head) {transformation:[-0.9414f,0.1847f,-0.2823f,0.0f,-0.1882f,0.4071f,0.8938f,1.4375f,0.28f,0.8945f,-0.3484f,0.0f,0.0f,0.0f,0.0f,1.0f],start_interpolation:0,interpolation_duration:1}
$data merge entity $(bone_right_arm) {transformation:[-0.8066f,0.5799f,-0.1146f,-0.2317f,-0.1532f,-0.0179f,0.988f,-1022.6253f,0.5709f,0.8145f,0.1032f,0.07f,0.0f,0.0f,0.0f,1.0f],start_interpolation:0,interpolation_duration:1}
$data merge entity $(bone_left_arm) {transformation:[-0.9363f,-0.1408f,-0.3217f,0.2317f,-0.3511f,0.3571f,0.8656f,-2046.4997f,-0.0069f,0.9234f,-0.3838f,-0.07f,0.0f,0.0f,0.0f,1.0f],start_interpolation:0,interpolation_duration:1}
$data merge entity $(bone_right_leg) {transformation:[-0.7441f,0.6337f,-0.2117f,-0.2601f,0.1045f,0.4234f,0.8999f,-4094.7811f,0.6599f,0.6475f,-0.3812f,-0.6106f,0.0f,0.0f,0.0f,1.0f],start_interpolation:0,interpolation_duration:1}
$data merge entity $(bone_left_leg) {transformation:[-0.9983f,0.0338f,-0.0467f,-0.0284f,-0.0364f,0.2591f,0.9652f,-5118.7183f,0.0448f,0.9652f,-0.2575f,-0.6806f,0.0f,0.0f,0.0f,1.0f],start_interpolation:0,interpolation_duration:1}
$data merge entity $(bone_torso) {transformation:[-0.9266f,0.2098f,-0.3121f,0.0f,-0.2512f,0.2723f,0.9289f,-3070.5625f,0.2798f,0.9391f,-0.1996f,0.0f,0.0f,0.0f,0.0f,1.0f],start_interpolation:0,interpolation_duration:1}
