# This file was generated by Animated Java via MC-Build. It is not recommended to edit this file directly.
$data merge entity $(bone_head) {transformation:[-0.9152f,0.1844f,-0.3583f,0.0f,-0.2682f,0.3847f,0.8832f,1.4375f,0.3007f,0.9044f,-0.3026f,0.0f,0.0f,0.0f,0.0f,1.0f],start_interpolation:0,interpolation_duration:1}
$data merge entity $(bone_right_arm) {transformation:[-0.7819f,0.6136f,-0.1103f,-0.2288f,-0.2363f,-0.1278f,0.9632f,-1022.6296f,0.5769f,0.7792f,0.2449f,0.0752f,0.0f,0.0f,0.0f,1.0f],start_interpolation:0,interpolation_duration:1}
$data merge entity $(bone_left_arm) {transformation:[-0.9292f,-0.161f,-0.3327f,0.2288f,-0.367f,0.2951f,0.8822f,-2046.4954f,-0.0439f,0.9418f,-0.3333f,-0.0752f,0.0f,0.0f,0.0f,1.0f],start_interpolation:0,interpolation_duration:1}
$data merge entity $(bone_right_leg) {transformation:[-0.6908f,0.6749f,-0.2595f,-0.2915f,0.073f,0.4221f,0.9036f,-4094.7228f,0.7194f,0.6053f,-0.3408f,-0.6145f,0.0f,0.0f,0.0f,1.0f],start_interpolation:0,interpolation_duration:1}
$data merge entity $(bone_left_leg) {transformation:[-0.9997f,0.0208f,0.0089f,-0.0627f,0.0095f,0.0295f,0.9995f,-5118.6558f,0.0205f,0.9993f,-0.0297f,-0.6897f,0.0f,0.0f,0.0f,1.0f],start_interpolation:0,interpolation_duration:1}
$data merge entity $(bone_torso) {transformation:[-0.9152f,0.2576f,-0.3098f,0.0f,-0.2682f,0.1844f,0.9455f,-3070.5625f,0.3007f,0.9485f,-0.0997f,0.0f,0.0f,0.0f,0.0f,1.0f],start_interpolation:0,interpolation_duration:1}
