# This file was generated by Animated Java via MC-Build. It is not recommended to edit this file directly.
$data merge entity $(bone_head) {transformation:[-0.8962f,0.3124f,-0.315f,0.0f,-0.2707f,0.1775f,0.9461f,1.4375f,0.3515f,0.9332f,-0.0745f,0.0f,0.0f,0.0f,0.0f,1.0f],start_interpolation:0,interpolation_duration:1}
$data merge entity $(bone_right_arm) {transformation:[-0.7294f,0.6755f,-0.1078f,-0.2226f,-0.3203f,-0.198f,0.9264f,-1022.6377f,0.6044f,0.7103f,0.3608f,0.0855f,0.0f,0.0f,0.0f,1.0f],start_interpolation:0,interpolation_duration:1}
$data merge entity $(bone_left_arm) {transformation:[-0.9248f,-0.1681f,-0.3412f,0.2226f,-0.3651f,0.141f,0.9202f,-2046.4873f,-0.1066f,0.9756f,-0.1918f,-0.0855f,0.0f,0.0f,0.0f,1.0f],start_interpolation:0,interpolation_duration:1}
$data merge entity $(bone_right_leg) {transformation:[-0.7084f,0.7058f,-0.0098f,-0.3558f,-0.1261f,-0.1129f,0.9856f,-4094.6069f,0.6945f,0.6994f,0.169f,-0.5997f,0.0f,0.0f,0.0f,1.0f],start_interpolation:0,interpolation_duration:1}
$data merge entity $(bone_left_leg) {transformation:[-0.9951f,0.0314f,0.094f,-0.1333f,0.0789f,-0.3232f,0.943f,-5118.5317f,0.06f,0.9458f,0.3191f,-0.6853f,0.0f,0.0f,0.0f,1.0f],start_interpolation:0,interpolation_duration:1}
$data merge entity $(bone_torso) {transformation:[-0.8903f,0.3557f,-0.2844f,0.0f,-0.3008f,0.0098f,0.9536f,-3070.5625f,0.342f,0.9345f,0.0982f,0.0f,0.0f,0.0f,0.0f,1.0f],start_interpolation:0,interpolation_duration:1}
