# This file was generated by Animated Java via MC-Build. It is not recommended to edit this file directly.
$data merge entity $(bone_head) {transformation:[-0.9802f,-0.0655f,-0.1869f,0.0f,-0.0988f,0.9795f,0.1753f,1.4375f,0.1716f,0.1903f,-0.9666f,0.0f,0.0f,0.0f,0.0f,1.0f],start_interpolation:0,interpolation_duration:1}
$data merge entity $(bone_right_arm) {transformation:[-0.9946f,0.0891f,-0.0542f,-0.2496f,0.0731f,0.9665f,0.2459f,-1022.5727f,0.0743f,0.2406f,-0.9678f,0.0109f,0.0f,0.0f,0.0f,1.0f],start_interpolation:0,interpolation_duration:1}
$data merge entity $(bone_left_arm) {transformation:[-0.9863f,-0.1614f,-0.0342f,0.2496f,-0.1642f,0.9807f,0.1057f,-2046.5523f,0.0164f,0.1099f,-0.9938f,-0.0109f,0.0f,0.0f,0.0f,1.0f],start_interpolation:0,interpolation_duration:1}
$data merge entity $(bone_right_leg) {transformation:[-0.9951f,-0.0462f,-0.0878f,-0.1036f,-0.017f,0.9511f,-0.3084f,-4095.2398f,0.0977f,-0.3053f,-0.9472f,-0.1374f,0.0f,0.0f,0.0f,1.0f],start_interpolation:0,interpolation_duration:1}
$data merge entity $(bone_left_leg) {transformation:[-0.9284f,-0.3541f,-0.1124f,0.1459f,-0.3699f,0.8529f,0.3684f,-5119.2296f,-0.0346f,0.3836f,-0.9228f,-0.1483f,0.0f,0.0f,0.0f,1.0f],start_interpolation:0,interpolation_duration:1}
$data merge entity $(bone_torso) {transformation:[-0.9982f,-0.0308f,-0.0511f,0.0f,-0.0407f,0.9777f,0.206f,-3070.5625f,0.0436f,0.2077f,-0.9772f,0.0f,0.0f,0.0f,0.0f,1.0f],start_interpolation:0,interpolation_duration:1}
