# This file was generated by Animated Java via MC-Build. It is not recommended to edit this file directly.
$data merge entity $(bone_head) {transformation:[-0.7339f,0.6147f,0.289f,0.0f,-0.2568f,-0.645f,0.7197f,1.4375f,0.6288f,0.454f,0.6313f,0.0f,0.0f,0.0f,0.0f,1.0f],start_interpolation:0,interpolation_duration:1}
$data merge entity $(bone_right_arm) {transformation:[-0.5814f,0.7347f,-0.3495f,-0.1956f,-0.4575f,0.06f,0.8872f,-1022.6614f,0.6728f,0.6757f,0.3012f,0.1202f,0.0f,0.0f,0.0f,1.0f],start_interpolation:0,interpolation_duration:1}
$data merge entity $(bone_left_arm) {transformation:[-0.8892f,0.449f,-0.0878f,0.1956f,-0.29f,-0.4048f,0.8672f,-2046.4636f,0.3538f,0.7966f,0.4901f,-0.1202f,0.0f,0.0f,0.0f,1.0f],start_interpolation:0,interpolation_duration:1}
$data merge entity $(bone_right_leg) {transformation:[-0.5719f,0.8183f,0.0572f,-0.5259f,-0.4487f,-0.3705f,0.8133f,-4094.2559f,0.6867f,0.4395f,0.5791f,-0.3432f,0.0f,0.0f,0.0f,1.0f],start_interpolation:0,interpolation_duration:1}
$data merge entity $(bone_left_leg) {transformation:[-0.7259f,0.6736f,-0.1391f,-0.3303f,-0.4676f,-0.3349f,0.8181f,-5118.157f,0.5045f,0.6589f,0.558f,-0.4634f,0.0f,0.0f,0.0f,1.0f],start_interpolation:0,interpolation_duration:1}
$data merge entity $(bone_torso) {transformation:[-0.7823f,0.6226f,0.0169f,0.0f,-0.3958f,-0.5178f,0.7584f,-3070.5625f,0.481f,0.5866f,0.6515f,0.0f,0.0f,0.0f,0.0f,1.0f],start_interpolation:0,interpolation_duration:1}
