# This file was generated by Animated Java via MC-Build. It is not recommended to edit this file directly.
$data merge entity $(bone_head) {transformation:[-0.7161f,0.6047f,0.3486f,0.0f,-0.3036f,-0.7196f,0.6245f,1.4375f,0.6285f,0.3414f,0.6989f,0.0f,0.0f,0.0f,0.0f,1.0f],start_interpolation:0,interpolation_duration:1}
$data merge entity $(bone_right_arm) {transformation:[-0.6281f,0.7167f,-0.3031f,-0.1912f,-0.484f,-0.0548f,0.8734f,-1022.6641f,0.6093f,0.6953f,0.3813f,0.125f,0.0f,0.0f,0.0f,1.0f],start_interpolation:0,interpolation_duration:1}
$data merge entity $(bone_left_arm) {transformation:[-0.8619f,0.5024f,-0.0685f,0.1912f,-0.3049f,-0.4055f,0.8617f,-2046.4609f,0.4051f,0.7637f,0.5027f,-0.125f,0.0f,0.0f,0.0f,1.0f],start_interpolation:0,interpolation_duration:1}
$data merge entity $(bone_right_leg) {transformation:[-0.5284f,0.849f,-0.0062f,-0.5351f,-0.4823f,-0.2942f,0.8251f,-4094.2171f,0.6987f,0.439f,0.5649f,-0.2875f,0.0f,0.0f,0.0f,1.0f],start_interpolation:0,interpolation_duration:1}
$data merge entity $(bone_left_leg) {transformation:[-0.6901f,0.7054f,-0.1617f,-0.3439f,-0.5266f,-0.3361f,0.7809f,-5118.1154f,0.4965f,0.6241f,0.6034f,-0.4125f,0.0f,0.0f,0.0f,1.0f],start_interpolation:0,interpolation_duration:1}
$data merge entity $(bone_torso) {transformation:[-0.7647f,0.6393f,0.0812f,0.0f,-0.4066f,-0.5763f,0.7089f,-3070.5625f,0.5f,0.509f,0.7006f,0.0f,0.0f,0.0f,0.0f,1.0f],start_interpolation:0,interpolation_duration:1}
