# This file was generated by Animated Java via MC-Build. It is not recommended to edit this file directly.
$data merge entity $(bone_head) {transformation:[-0.6943f,0.5873f,0.4158f,0.0f,-0.3861f,-0.7917f,0.4734f,1.4375f,0.6073f,0.1681f,0.7765f,0.0f,0.0f,0.0f,0.0f,1.0f],start_interpolation:0,interpolation_duration:1}
$data merge entity $(bone_right_arm) {transformation:[-0.6516f,0.7567f,-0.0538f,-0.182f,-0.5053f,-0.38f,0.7748f,-1022.669f,0.5658f,0.532f,0.63f,0.1343f,0.0f,0.0f,0.0f,1.0f],start_interpolation:0,interpolation_duration:1}
$data merge entity $(bone_left_arm) {transformation:[-0.8065f,0.5911f,-0.0086f,0.182f,-0.3338f,-0.4433f,0.8319f,-2046.456f,0.4879f,0.6739f,0.5548f,-0.1343f,0.0f,0.0f,0.0f,1.0f],start_interpolation:0,interpolation_duration:1}
$data merge entity $(bone_right_leg) {transformation:[-0.4636f,0.8832f,-0.0708f,-0.5379f,-0.5479f,-0.223f,0.8063f,-4094.1495f,0.6963f,0.4126f,0.5873f,-0.1687f,0.0f,0.0f,0.0f,1.0f],start_interpolation:0,interpolation_duration:1}
$data merge entity $(bone_left_leg) {transformation:[-0.6853f,0.7269f,-0.0451f,-0.3559f,-0.5458f,-0.4716f,0.6926f,-5118.0431f,0.4822f,0.4992f,0.7199f,-0.303f,0.0f,0.0f,0.0f,1.0f],start_interpolation:0,interpolation_duration:1}
$data merge entity $(bone_torso) {transformation:[-0.7279f,0.65f,0.2182f,0.0f,-0.4259f,-0.6781f,0.5989f,-3070.5625f,0.5373f,0.343f,0.7705f,0.0f,0.0f,0.0f,0.0f,1.0f],start_interpolation:0,interpolation_duration:1}
