# This file was generated by Animated Java via MC-Build. It is not recommended to edit this file directly.
$data merge entity $(bone_head) {transformation:[-0.6648f,0.6441f,0.3783f,0.0f,-0.4268f,-0.7432f,0.5153f,1.4375f,0.6131f,0.1812f,0.769f,0.0f,0.0f,0.0f,0.0f,1.0f],start_interpolation:0,interpolation_duration:1}
$data merge entity $(bone_right_arm) {transformation:[-0.6133f,0.6818f,0.3987f,-0.1724f,-0.5315f,-0.7297f,0.4302f,-1022.673f,0.5842f,0.052f,0.8099f,0.1434f,0.0f,0.0f,0.0f,1.0f],start_interpolation:0,interpolation_duration:1}
$data merge entity $(bone_left_arm) {transformation:[-0.761f,0.6385f,0.1149f,0.1724f,-0.3453f,-0.5485f,0.7615f,-2046.452f,0.5493f,0.5398f,0.6379f,-0.1434f,0.0f,0.0f,0.0f,1.0f],start_interpolation:0,interpolation_duration:1}
$data merge entity $(bone_right_leg) {transformation:[-0.4701f,0.8807f,-0.0584f,-0.5182f,-0.6f,-0.2703f,0.753f,-4094.0959f,0.6474f,0.389f,0.6554f,-0.0454f,0.0f,0.0f,0.0f,1.0f],start_interpolation:0,interpolation_duration:1}
$data merge entity $(bone_left_leg) {transformation:[-0.7297f,0.635f,0.2535f,-0.3458f,-0.4384f,-0.7191f,0.5392f,-5117.9854f,0.5247f,0.2823f,0.8031f,-0.1888f,0.0f,0.0f,0.0f,1.0f],start_interpolation:0,interpolation_duration:1}
$data merge entity $(bone_torso) {transformation:[-0.6896f,0.6283f,0.3601f,0.0f,-0.4421f,-0.7591f,0.4778f,-3070.5625f,0.5736f,0.1703f,0.8013f,0.0f,0.0f,0.0f,0.0f,1.0f],start_interpolation:0,interpolation_duration:1}
