# This file was generated by Animated Java via MC-Build. It is not recommended to edit this file directly.
$data merge entity $(bone_head) {transformation:[-0.9569f,-0.0464f,-0.2866f,0.0f,-0.1629f,0.903f,0.3976f,1.4375f,0.2403f,0.4272f,-0.8717f,0.0f,0.0f,0.0f,0.0f,1.0f],start_interpolation:0,interpolation_duration:1}
$data merge entity $(bone_right_arm) {transformation:[-0.9932f,0.0549f,-0.1028f,-0.249f,0.0419f,0.9914f,0.1238f,-1022.5777f,0.1088f,0.1187f,-0.987f,0.0164f,0.0f,0.0f,0.0f,1.0f],start_interpolation:0,interpolation_duration:1}
$data merge entity $(bone_left_arm) {transformation:[-0.9837f,-0.1579f,-0.0857f,0.249f,-0.1778f,0.9243f,0.3376f,-2046.5473f,0.0259f,0.3474f,-0.9374f,-0.0164f,0.0f,0.0f,0.0f,1.0f],start_interpolation:0,interpolation_duration:1}
$data merge entity $(bone_right_leg) {transformation:[-0.9838f,-0.1548f,-0.0907f,-0.0985f,-0.1338f,0.9698f,-0.2038f,-4095.2236f,0.1195f,-0.1883f,-0.9748f,-0.2038f,0.0f,0.0f,0.0f,1.0f],start_interpolation:0,interpolation_duration:1}
$data merge entity $(bone_left_leg) {transformation:[-0.8959f,-0.4092f,-0.1733f,0.1505f,-0.4391f,0.7554f,0.4864f,-5119.2084f,-0.0681f,0.5118f,-0.8564f,-0.2202f,0.0f,0.0f,0.0f,1.0f],start_interpolation:0,interpolation_duration:1}
$data merge entity $(bone_torso) {transformation:[-0.996f,-0.0379f,-0.081f,0.0f,-0.0609f,0.9505f,0.3046f,-3070.5625f,0.0654f,0.3084f,-0.949f,0.0f,0.0f,0.0f,0.0f,1.0f],start_interpolation:0,interpolation_duration:1}
