# This file was generated by Animated Java via MC-Build. It is not recommended to edit this file directly.
$data merge entity $(bone_head) {transformation:[-0.7579f,0.4498f,0.4725f,0.0f,-0.4319f,-0.8888f,0.1533f,1.4375f,0.4889f,-0.0879f,0.8679f,0.0f,0.0f,0.0f,0.0f,1.0f],start_interpolation:0,interpolation_duration:1}
$data merge entity $(bone_right_arm) {transformation:[-0.636f,0.4402f,0.6338f,-0.1724f,-0.5466f,-0.8368f,0.0327f,-1022.673f,0.5447f,-0.3256f,0.7728f,0.1434f,0.0f,0.0f,0.0f,1.0f],start_interpolation:0,interpolation_duration:1}
$data merge entity $(bone_left_arm) {transformation:[-0.7382f,0.412f,0.5341f,0.1724f,-0.3253f,-0.9111f,0.2532f,-2046.452f,0.5909f,0.0132f,0.8066f,-0.1434f,0.0f,0.0f,0.0f,1.0f],start_interpolation:0,interpolation_duration:1}
$data merge entity $(bone_right_leg) {transformation:[-0.6864f,0.6829f,0.2501f,-0.3801f,-0.4983f,-0.6921f,0.5222f,-4094.0074f,0.5297f,0.2339f,0.8153f,0.1888f,0.0f,0.0f,0.0f,1.0f],start_interpolation:0,interpolation_duration:1}
$data merge entity $(bone_left_leg) {transformation:[-0.7838f,0.1008f,0.6127f,-0.2078f,-0.1473f,-0.9888f,-0.0258f,-5117.8969f,0.6033f,-0.1105f,0.7899f,0.0454f,0.0f,0.0f,0.0f,1.0f],start_interpolation:0,interpolation_duration:1}
$data merge entity $(bone_torso) {transformation:[-0.6896f,0.4276f,0.5845f,0.0f,-0.4421f,-0.8878f,0.1278f,-3070.5625f,0.5736f,-0.1703f,0.8013f,0.0f,0.0f,0.0f,0.0f,1.0f],start_interpolation:0,interpolation_duration:1}
