# This file was generated by Animated Java via MC-Build. It is not recommended to edit this file directly.
$data merge entity $(bone_head) {transformation:[-0.8545f,0.1641f,0.4929f,0.0f,-0.3534f,-0.8791f,-0.3198f,1.4375f,0.3808f,-0.4475f,0.8092f,0.0f,0.0f,0.0f,0.0f,1.0f],start_interpolation:0,interpolation_duration:1}
$data merge entity $(bone_right_arm) {transformation:[-0.6998f,0.4987f,0.5114f,-0.182f,-0.5215f,-0.8459f,0.1113f,-1022.669f,0.4881f,-0.1889f,0.8521f,0.1343f,0.0f,0.0f,0.0f,1.0f],start_interpolation:0,interpolation_duration:1}
$data merge entity $(bone_left_arm) {transformation:[-0.7552f,0.1137f,0.6456f,0.182f,-0.3127f,-0.928f,-0.2024f,-2046.456f,0.5761f,-0.3548f,0.7364f,-0.1343f,0.0f,0.0f,0.0f,1.0f],start_interpolation:0,interpolation_duration:1}
$data merge entity $(bone_right_leg) {transformation:[-0.8f,0.4523f,0.3942f,-0.2785f,-0.3343f,-0.8816f,0.3332f,-4093.9978f,0.4983f,0.1348f,0.8565f,0.303f,0.0f,0.0f,0.0f,1.0f],start_interpolation:0,interpolation_duration:1}
$data merge entity $(bone_left_leg) {transformation:[-0.7732f,-0.193f,0.6041f,-0.0965f,-0.0177f,-0.9456f,-0.3248f,-5117.8913f,0.634f,-0.2618f,0.7277f,0.1687f,0.0f,0.0f,0.0f,1.0f],start_interpolation:0,interpolation_duration:1}
$data merge entity $(bone_torso) {transformation:[-0.7279f,0.2727f,0.6291f,0.0f,-0.4259f,-0.8989f,-0.1032f,-3070.5625f,0.5373f,-0.343f,0.7705f,0.0f,0.0f,0.0f,0.0f,1.0f],start_interpolation:0,interpolation_duration:1}
