# This file was generated by Animated Java via MC-Build. It is not recommended to edit this file directly.
$data merge entity $(bone_head) {transformation:[-0.8516f,-0.1004f,0.5145f,0.0f,-0.3195f,-0.6788f,-0.6612f,1.4375f,0.4156f,-0.7275f,0.546f,0.0f,0.0f,0.0f,0.0f,1.0f],start_interpolation:0,interpolation_duration:1}
$data merge entity $(bone_right_arm) {transformation:[-0.7386f,0.447f,0.5047f,-0.1956f,-0.5544f,-0.8286f,-0.0776f,-1022.6614f,0.3835f,-0.3371f,0.8598f,0.1202f,0.0f,0.0f,0.0f,1.0f],start_interpolation:0,interpolation_duration:1}
$data merge entity $(bone_left_arm) {transformation:[-0.7817f,-0.2885f,0.5528f,0.1956f,-0.2925f,-0.6133f,-0.7337f,-2046.4636f,0.5507f,-0.7353f,0.395f,-0.1202f,0.0f,0.0f,0.0f,1.0f],start_interpolation:0,interpolation_duration:1}
$data merge entity $(bone_right_leg) {transformation:[-0.8403f,0.0946f,0.5339f,-0.131f,-0.1701f,-0.981f,-0.0939f,-4094.0562f,0.5148f,-0.1697f,0.8403f,0.4634f,0.0f,0.0f,0.0f,1.0f],start_interpolation:0,interpolation_duration:1}
$data merge entity $(bone_left_leg) {transformation:[-0.7313f,-0.2512f,0.6341f,0.0646f,-0.1249f,-0.8647f,-0.4866f,-5117.9573f,0.6705f,-0.435f,0.601f,0.3432f,0.0f,0.0f,0.0f,1.0f],start_interpolation:0,interpolation_duration:1}
$data merge entity $(bone_torso) {transformation:[-0.7823f,0.0483f,0.621f,0.0f,-0.3958f,-0.8084f,-0.4357f,-3070.5625f,0.481f,-0.5866f,0.6515f,0.0f,0.0f,0.0f,0.0f,1.0f],start_interpolation:0,interpolation_duration:1}
