# This file was generated by Animated Java via MC-Build. It is not recommended to edit this file directly.
$data merge entity $(bone_head) {transformation:[-0.7658f,-0.2365f,0.598f,0.0f,-0.457f,-0.4541f,-0.7648f,1.4375f,0.4524f,-0.859f,0.2397f,0.0f,0.0f,0.0f,0.0f,1.0f],start_interpolation:0,interpolation_duration:1}
$data merge entity $(bone_right_arm) {transformation:[-0.737f,0.159f,0.6569f,-0.208f,-0.6607f,-0.3745f,-0.6506f,-1022.6522f,0.1425f,-0.9135f,0.381f,0.1057f,0.0f,0.0f,0.0f,1.0f],start_interpolation:0,interpolation_duration:1}
$data merge entity $(bone_left_arm) {transformation:[-0.7981f,-0.4158f,0.436f,0.208f,-0.25f,-0.4299f,-0.8676f,-2046.4728f,0.5482f,-0.8014f,0.2391f,-0.1057f,0.0f,0.0f,0.0f,1.0f],start_interpolation:0,interpolation_duration:1}
$data merge entity $(bone_right_leg) {transformation:[-0.8295f,-0.1705f,0.5318f,-0.0091f,-0.4418f,-0.3823f,-0.8116f,-4094.1921f,0.3417f,-0.9082f,0.2418f,0.5924f,0.0f,0.0f,0.0f,1.0f],start_interpolation:0,interpolation_duration:1}
$data merge entity $(bone_left_leg) {transformation:[-0.7592f,-0.0562f,0.6485f,0.1989f,-0.3701f,-0.7823f,-0.501f,-5118.1023f,0.5355f,-0.6203f,0.5731f,0.4868f,0.0f,0.0f,0.0f,1.0f],start_interpolation:0,interpolation_duration:1}
$data merge entity $(bone_torso) {transformation:[-0.8322f,-0.138f,0.537f,0.0f,-0.359f,-0.6041f,-0.7115f,-3070.5625f,0.4226f,-0.7849f,0.4532f,0.0f,0.0f,0.0f,0.0f,1.0f],start_interpolation:0,interpolation_duration:1}
