# This file was generated by Animated Java via MC-Build. It is not recommended to edit this file directly.
$data merge entity $(bone_head) {transformation:[-0.7575f,-0.2705f,0.5942f,0.0f,-0.5215f,-0.2968f,-0.7999f,1.4375f,0.3928f,-0.9158f,0.0838f,0.0f,0.0f,0.0f,0.0f,1.0f],start_interpolation:0,interpolation_duration:1}
$data merge entity $(bone_right_arm) {transformation:[-0.8431f,-0.0068f,0.5377f,-0.2156f,-0.5358f,-0.0744f,-0.8411f,-1022.6453f,0.0458f,-0.9972f,0.0591f,0.0957f,0.0f,0.0f,0.0f,1.0f],start_interpolation:0,interpolation_duration:1}
$data merge entity $(bone_left_arm) {transformation:[-0.7925f,-0.4082f,0.4531f,0.2156f,-0.2203f,-0.5012f,-0.8368f,-2046.4797f,0.5687f,-0.763f,0.3073f,-0.0957f,0.0f,0.0f,0.0f,1.0f],start_interpolation:0,interpolation_duration:1}
$data merge entity $(bone_right_leg) {transformation:[-0.83f,-0.0863f,0.5511f,0.0496f,-0.5485f,-0.0535f,-0.8344f,-4094.3159f,0.1015f,-0.9948f,-0.0029f,0.6519f,0.0f,0.0f,0.0f,1.0f],start_interpolation:0,interpolation_duration:1}
$data merge entity $(bone_left_leg) {transformation:[-0.7577f,-0.1411f,0.6372f,0.2653f,-0.435f,-0.6186f,-0.6543f,-5118.2331f,0.4865f,-0.773f,0.4073f,0.5562f,0.0f,0.0f,0.0f,1.0f],start_interpolation:0,interpolation_duration:1}
$data merge entity $(bone_torso) {transformation:[-0.8625f,-0.229f,0.4512f,0.0f,-0.3311f,-0.4189f,-0.8455f,-3070.5625f,0.3827f,-0.8787f,0.2855f,0.0f,0.0f,0.0f,0.0f,1.0f],start_interpolation:0,interpolation_duration:1}
