# This file was generated by Animated Java via MC-Build. It is not recommended to edit this file directly.
$data merge entity $(bone_head) {transformation:[-0.9031f,-0.2342f,0.3599f,0.0f,-0.2847f,-0.3008f,-0.9102f,1.4375f,0.3214f,-0.9245f,0.205f,0.0f,0.0f,0.0f,0.0f,1.0f],start_interpolation:0,interpolation_duration:1}
$data merge entity $(bone_right_arm) {transformation:[-0.9644f,-0.1201f,0.2355f,-0.2258f,-0.2636f,0.3697f,-0.891f,-1022.6337f,0.0199f,-0.9214f,-0.3882f,0.0804f,0.0f,0.0f,0.0f,1.0f],start_interpolation:0,interpolation_duration:1}
$data merge entity $(bone_left_arm) {transformation:[-0.7546f,-0.5245f,0.3944f,0.2258f,-0.1806f,-0.4118f,-0.8932f,-2046.4913f,0.6309f,-0.7452f,0.2161f,-0.0804f,0.0f,0.0f,0.0f,1.0f],start_interpolation:0,interpolation_duration:1}
$data merge entity $(bone_right_leg) {transformation:[-0.8439f,0.2815f,0.4568f,0.0979f,-0.4876f,-0.0472f,-0.8718f,-4094.5316f,-0.2239f,-0.9584f,0.1771f,0.6912f,0.0f,0.0f,0.0f,1.0f],start_interpolation:0,interpolation_duration:1}
$data merge entity $(bone_left_leg) {transformation:[-0.6619f,-0.5645f,0.4932f,0.3236f,-0.5408f,-0.096f,-0.8357f,-5118.4605f,0.5191f,-0.8198f,-0.2417f,0.6108f,0.0f,0.0f,0.0f,1.0f],start_interpolation:0,interpolation_duration:1}
$data merge entity $(bone_torso) {transformation:[-0.9031f,-0.3066f,0.3007f,0.0f,-0.2847f,-0.0967f,-0.9537f,-3070.5625f,0.3214f,-0.9469f,0.0f,0.0f,0.0f,0.0f,0.0f,1.0f],start_interpolation:0,interpolation_duration:1}
