# This file was generated by Animated Java via MC-Build. It is not recommended to edit this file directly.
$data merge entity $(bone_head) {transformation:[-0.9137f,-0.2553f,0.3163f,0.0f,-0.2764f,-0.1801f,-0.944f,1.4375f,0.298f,-0.9499f,0.094f,0.0f,0.0f,0.0f,0.0f,1.0f],start_interpolation:0,interpolation_duration:1}
$data merge entity $(bone_right_arm) {transformation:[-0.9795f,-0.1069f,0.1709f,-0.2288f,-0.201f,0.4563f,-0.8668f,-1022.6296f,0.0146f,-0.8834f,-0.4684f,0.0752f,0.0f,0.0f,0.0f,1.0f],start_interpolation:0,interpolation_duration:1}
$data merge entity $(bone_left_arm) {transformation:[-0.731f,-0.5801f,0.3592f,0.2288f,-0.177f,-0.3472f,-0.9209f,-2046.4954f,0.659f,-0.7368f,0.1512f,-0.0752f,0.0f,0.0f,0.0f,1.0f],start_interpolation:0,interpolation_duration:1}
$data merge entity $(bone_right_leg) {transformation:[-0.8868f,0.1752f,0.4277f,0.1031f,-0.4068f,0.1433f,-0.9022f,-4094.6072f,-0.2194f,-0.974f,-0.0558f,0.6897f,0.0f,0.0f,0.0f,1.0f],start_interpolation:0,interpolation_duration:1}
$data merge entity $(bone_left_leg) {transformation:[-0.6415f,-0.6589f,0.3928f,0.3319f,-0.5823f,0.085f,-0.8085f,-5118.5401f,0.4993f,-0.7474f,-0.4382f,0.6145f,0.0f,0.0f,0.0f,1.0f],start_interpolation:0,interpolation_duration:1}
$data merge entity $(bone_torso) {transformation:[-0.9152f,-0.3164f,0.2495f,0.0f,-0.2682f,0.0162f,-0.9632f,-3070.5625f,0.3007f,-0.9485f,-0.0997f,0.0f,0.0f,0.0f,0.0f,1.0f],start_interpolation:0,interpolation_duration:1}
