# This file was generated by Animated Java via MC-Build. It is not recommended to edit this file directly.
$data merge entity $(bone_head) {transformation:[-0.9221f,-0.268f,0.279f,0.0f,-0.2801f,-0.0349f,-0.9593f,1.4375f,0.2668f,-0.9628f,-0.0429f,0.0f,0.0f,0.0f,0.0f,1.0f],start_interpolation:0,interpolation_duration:1}
$data merge entity $(bone_right_arm) {transformation:[-0.9866f,-0.0726f,0.1464f,-0.2317f,-0.1631f,0.49f,-0.8563f,-1022.6253f,-0.0096f,-0.8687f,-0.4953f,0.07f,0.0f,0.0f,0.0f,1.0f],start_interpolation:0,interpolation_duration:1}
$data merge entity $(bone_left_arm) {transformation:[-0.7123f,-0.6249f,0.3196f,0.2317f,-0.1893f,-0.2674f,-0.9448f,-2046.4997f,0.6758f,-0.7335f,0.0722f,-0.07f,0.0f,0.0f,0.0f,1.0f],start_interpolation:0,interpolation_duration:1}
$data merge entity $(bone_right_leg) {transformation:[-0.9358f,-0.0066f,0.3524f,0.1032f,-0.3199f,0.4358f,-0.8413f,-4094.6826f,-0.148f,-0.9f,-0.41f,0.6806f,0.0f,0.0f,0.0f,1.0f],start_interpolation:0,interpolation_duration:1}
$data merge entity $(bone_left_leg) {transformation:[-0.6505f,-0.6928f,0.3112f,0.3348f,-0.6094f,0.2316f,-0.7583f,-5118.6198f,0.4533f,-0.6829f,-0.5729f,0.6106f,0.0f,0.0f,0.0f,1.0f],start_interpolation:0,interpolation_duration:1}
$data merge entity $(bone_torso) {transformation:[-0.9266f,-0.3186f,0.1998f,0.0f,-0.2512f,0.1291f,-0.9593f,-3070.5625f,0.2798f,-0.9391f,-0.1996f,0.0f,0.0f,0.0f,0.0f,1.0f],start_interpolation:0,interpolation_duration:1}
