# This file was generated by Animated Java via MC-Build. It is not recommended to edit this file directly.
$data merge entity $(bone_head) {transformation:[-0.93f,-0.2713f,0.2479f,0.0f,-0.2896f,0.126f,-0.9488f,1.4375f,0.2261f,-0.9542f,-0.1958f,0.0f,0.0f,0.0f,0.0f,1.0f],start_interpolation:0,interpolation_duration:1}
$data merge entity $(bone_right_arm) {transformation:[-0.989f,-0.02f,0.1469f,-0.2343f,-0.1386f,0.4764f,-0.8683f,-1022.6209f,-0.0526f,-0.879f,-0.4739f,0.0647f,0.0f,0.0f,0.0f,1.0f],start_interpolation:0,interpolation_duration:1}
$data merge entity $(bone_left_arm) {transformation:[-0.7091f,-0.649f,0.2757f,0.2343f,-0.218f,-0.17f,-0.961f,-2046.5041f,0.6706f,-0.7415f,-0.021f,-0.0647f,0.0f,0.0f,0.0f,1.0f],start_interpolation:0,interpolation_duration:1}
$data merge entity $(bone_right_leg) {transformation:[-0.9672f,-0.1342f,0.2158f,0.0984f,-0.2476f,0.6893f,-0.6808f,-4094.7569f,-0.0573f,-0.7119f,-0.6999f,0.6639f,0.0f,0.0f,0.0f,1.0f],start_interpolation:0,interpolation_duration:1}
$data merge entity $(bone_left_leg) {transformation:[-0.707f,-0.6575f,0.2603f,0.3328f,-0.595f,0.3542f,-0.7215f,-5118.6985f,0.3822f,-0.665f,-0.6416f,0.5992f,0.0f,0.0f,0.0f,1.0f],start_interpolation:0,interpolation_duration:1}
$data merge entity $(bone_torso) {transformation:[-0.9372f,-0.3136f,0.1525f,0.0f,-0.2337f,0.2403f,-0.9422f,-3070.5625f,0.2588f,-0.9187f,-0.2985f,0.0f,0.0f,0.0f,0.0f,1.0f],start_interpolation:0,interpolation_duration:1}
