# This file was generated by Animated Java via MC-Build. It is not recommended to edit this file directly.
$data merge entity $(bone_head) {transformation:[-0.9456f,-0.2529f,0.2045f,0.0f,-0.3022f,0.451f,-0.8398f,1.4375f,0.1202f,-0.856f,-0.5029f,0.0f,0.0f,0.0f,0.0f,1.0f],start_interpolation:0,interpolation_duration:1}
$data merge entity $(bone_right_arm) {transformation:[-0.9831f,0.1175f,0.1401f,-0.239f,-0.0861f,0.3784f,-0.9216f,-1022.6119f,-0.1613f,-0.9181f,-0.362f,0.0541f,0.0f,0.0f,0.0f,1.0f],start_interpolation:0,interpolation_duration:1}
$data merge entity $(bone_left_arm) {transformation:[-0.7829f,-0.6058f,0.1418f,0.239f,-0.2936f,0.1588f,-0.9426f,-2046.5131f,0.5485f,-0.7796f,-0.3022f,-0.0541f,0.0f,0.0f,0.0f,1.0f],start_interpolation:0,interpolation_duration:1}
$data merge entity $(bone_right_leg) {transformation:[-0.9883f,-0.1227f,0.0906f,0.0762f,-0.1518f,0.8475f,-0.5086f,-4094.8978f,-0.0144f,-0.5164f,-0.8562f,0.6083f,0.0f,0.0f,0.0f,1.0f],start_interpolation:0,interpolation_duration:1}
$data merge entity $(bone_left_leg) {transformation:[-0.8787f,-0.439f,0.1873f,0.3152f,-0.4219f,0.5307f,-0.7351f,-5118.8484f,0.2233f,-0.725f,-0.6515f,0.5542f,0.0f,0.0f,0.0f,1.0f],start_interpolation:0,interpolation_duration:1}
$data merge entity $(bone_torso) {transformation:[-0.9561f,-0.2847f,0.0691f,0.0f,-0.1974f,0.4518f,-0.87f,-3070.5625f,0.2164f,-0.8455f,-0.4881f,0.0f,0.0f,0.0f,0.0f,1.0f],start_interpolation:0,interpolation_duration:1}
