# This file was generated by Animated Java via MC-Build. It is not recommended to edit this file directly.
$data merge entity $(bone_head) {transformation:[-0.9607f,-0.211f,0.1803f,0.0f,-0.2774f,0.7136f,-0.6433f,1.4375f,0.0071f,-0.6681f,-0.7441f,0.0f,0.0f,0.0f,0.0f,1.0f],start_interpolation:0,interpolation_duration:1}
$data merge entity $(bone_right_arm) {transformation:[-0.976f,0.2055f,0.0728f,-0.2429f,-0.0012f,0.3287f,-0.9444f,-1022.6024f,-0.218f,-0.9218f,-0.3206f,0.0434f,0.0f,0.0f,0.0f,1.0f],start_interpolation:0,interpolation_duration:1}
$data merge entity $(bone_left_arm) {transformation:[-0.8781f,-0.4755f,0.0529f,0.2429f,-0.3062f,0.4737f,-0.8257f,-2046.5226f,0.3676f,-0.7413f,-0.5616f,-0.0434f,0.0f,0.0f,0.0f,1.0f],start_interpolation:0,interpolation_duration:1}
$data merge entity $(bone_right_leg) {transformation:[-0.9963f,-0.0174f,0.0843f,0.0407f,-0.0596f,0.8465f,-0.5291f,-4095.022f,-0.0622f,-0.5321f,-0.8444f,0.5249f,0.0f,0.0f,0.0f,1.0f],start_interpolation:0,interpolation_duration:1}
$data merge entity $(bone_left_leg) {transformation:[-0.9662f,-0.2459f,0.0777f,0.2836f,-0.2213f,0.6356f,-0.7396f,-5118.9821f,0.1325f,-0.7318f,-0.6686f,0.4814f,0.0f,0.0f,0.0f,1.0f],start_interpolation:0,interpolation_duration:1}
$data merge entity $(bone_torso) {transformation:[-0.9718f,-0.2359f,0.0059f,0.0f,-0.1597f,0.6393f,-0.7522f,-3070.5625f,0.1736f,-0.7319f,-0.659f,0.0f,0.0f,0.0f,0.0f,1.0f],start_interpolation:0,interpolation_duration:1}
