# This file was generated by Animated Java via MC-Build. It is not recommended to edit this file directly.
$data merge entity $(bone_head) {transformation:[-0.9772f,-0.1586f,0.1411f,0.0f,-0.2033f,0.8902f,-0.4076f,1.4375f,-0.0609f,-0.427f,-0.9022f,0.0f,0.0f,0.0f,0.0f,1.0f],start_interpolation:0,interpolation_duration:1}
$data merge entity $(bone_right_arm) {transformation:[-0.994f,0.1088f,-0.0074f,-0.246f,0.0494f,0.389f,-0.9199f,-1022.5927f,-0.0972f,-0.9148f,-0.392f,0.0326f,0.0f,0.0f,0.0f,1.0f],start_interpolation:0,interpolation_duration:1}
$data merge entity $(bone_left_arm) {transformation:[-0.9306f,-0.3634f,0.0436f,0.246f,-0.2713f,0.6049f,-0.7486f,-2046.5323f,0.2457f,-0.7085f,-0.6616f,-0.0326f,0.0f,0.0f,0.0f,1.0f],start_interpolation:0,interpolation_duration:1}
$data merge entity $(bone_right_leg) {transformation:[-0.9921f,0.1094f,0.0617f,-0.0029f,0.048f,0.7839f,-0.619f,-4095.1232f,-0.1161f,-0.6112f,-0.7829f,0.417f,0.0f,0.0f,0.0f,1.0f],start_interpolation:0,interpolation_duration:1}
$data merge entity $(bone_left_leg) {transformation:[-0.9935f,-0.101f,-0.0533f,0.2431f,-0.0292f,0.6753f,-0.737f,-5119.093f,0.1104f,-0.7306f,-0.6738f,0.3843f,0.0f,0.0f,0.0f,1.0f],start_interpolation:0,interpolation_duration:1}
$data merge entity $(bone_torso) {transformation:[-0.9841f,-0.1747f,-0.0332f,0.0f,-0.1208f,0.7936f,-0.5963f,-3070.5625f,0.1305f,-0.5828f,-0.8021f,0.0f,0.0f,0.0f,0.0f,1.0f],start_interpolation:0,interpolation_duration:1}
