# This file was generated by Animated Java via MC-Build. It is not recommended to edit this file directly.
$data merge entity $(bone_head) {transformation:[-0.9551f,0.0234f,-0.2952f,0.0f,-0.2094f,0.6516f,0.7291f,1.4375f,0.2094f,0.7582f,-0.6175f,0.0f,0.0f,0.0f,0.0f,1.0f],start_interpolation:0,interpolation_duration:1}
$data merge entity $(bone_right_arm) {transformation:[-0.976f,0.0871f,-0.1994f,-0.246f,0.0524f,0.9836f,0.1727f,-1022.5927f,0.2111f,0.1581f,-0.9646f,0.0326f,0.0f,0.0f,0.0f,1.0f],start_interpolation:0,interpolation_duration:1}
$data merge entity $(bone_left_arm) {transformation:[-0.9739f,-0.0658f,-0.2174f,0.246f,-0.2199f,0.512f,0.8303f,-2046.5323f,0.0567f,0.8564f,-0.5131f,-0.0326f,0.0f,0.0f,0.0f,1.0f],start_interpolation:0,interpolation_duration:1}
$data merge entity $(bone_right_leg) {transformation:[-0.9324f,-0.3153f,-0.1768f,-0.1076f,-0.3481f,0.915f,0.2041f,-4095.1361f,0.0974f,0.2519f,-0.9628f,-0.3843f,0.0f,0.0f,0.0f,1.0f],start_interpolation:0,interpolation_duration:1}
$data merge entity $(bone_left_leg) {transformation:[-0.9282f,-0.3343f,-0.1634f,0.1384f,-0.3591f,0.6897f,0.6287f,-5119.1059f,-0.0975f,0.6423f,-0.7603f,-0.417f,0.0f,0.0f,0.0f,1.0f],start_interpolation:0,interpolation_duration:1}
$data merge entity $(bone_torso) {transformation:[-0.9841f,-0.0224f,-0.1764f,0.0f,-0.1208f,0.8123f,0.5705f,-3070.5625f,0.1305f,0.5828f,-0.8021f,0.0f,0.0f,0.0f,0.0f,1.0f],start_interpolation:0,interpolation_duration:1}
