# This file was generated by Animated Java via MC-Build. It is not recommended to edit this file directly.
$data merge entity $(bone_head) {transformation:[-0.9997f,0.0035f,-0.0226f,0.0f,0.0052f,0.9971f,-0.0763f,1.4375f,0.0223f,-0.0764f,-0.9968f,0.0f,0.0f,0.0f,0.0f,1.0f],start_interpolation:0,interpolation_duration:1}
$data merge entity $(bone_right_arm) {transformation:[-0.9892f,0.1349f,0.0565f,-0.2499f,0.1461f,0.9285f,0.3414f,-1022.5576f,-0.0065f,0.346f,-0.9382f,-0.0053f,0.0f,0.0f,0.0f,1.0f],start_interpolation:0,interpolation_duration:1}
$data merge entity $(bone_left_arm) {transformation:[-0.9934f,-0.1038f,0.0486f,0.2499f,-0.1094f,0.9851f,-0.1324f,-2046.5674f,-0.0342f,-0.1368f,-0.99f,0.0053f,0.0f,0.0f,0.0f,1.0f],start_interpolation:0,interpolation_duration:1}
$data merge entity $(bone_right_leg) {transformation:[-0.9898f,0.1256f,-0.067f,-0.137f,0.142f,0.9042f,-0.4027f,-4095.2439f,0.01f,-0.4081f,-0.9129f,-0.0722f,0.0f,0.0f,0.0f,1.0f],start_interpolation:0,interpolation_duration:1}
$data merge entity $(bone_left_leg) {transformation:[-0.9751f,-0.2217f,0.0076f,0.1129f,-0.2158f,0.9562f,0.1979f,-5119.2488f,-0.0511f,0.1914f,-0.9802f,-0.0669f,0.0f,0.0f,0.0f,1.0f],start_interpolation:0,interpolation_duration:1}
$data merge entity $(bone_torso) {transformation:[-0.9996f,0.0175f,0.023f,0.0f,0.0197f,0.9947f,0.1007f,-3070.5625f,-0.0211f,0.1011f,-0.9946f,0.0f,0.0f,0.0f,0.0f,1.0f],start_interpolation:0,interpolation_duration:1}
