# This file was generated by Animated Java via MC-Build. It is not recommended to edit this file directly.
$data merge entity $(bone_head) {transformation:[-0.9983f,0.0016f,-0.0576f,0.0f,-0.0055f,0.9926f,0.1217f,1.4375f,0.0574f,0.1218f,-0.9909f,0.0f,0.0f,0.0f,0.0f,1.0f],start_interpolation:0,interpolation_duration:1}
$data merge entity $(bone_right_arm) {transformation:[-0.9877f,0.1444f,0.0605f,-0.2496f,0.156f,0.9391f,0.306f,-1022.5527f,-0.0126f,0.3117f,-0.9501f,-0.0106f,0.0f,0.0f,0.0f,1.0f],start_interpolation:0,interpolation_duration:1}
$data merge entity $(bone_left_arm) {transformation:[-0.994f,-0.0898f,0.0623f,0.2496f,-0.0857f,0.9941f,0.066f,-2046.5723f,-0.0679f,0.0603f,-0.9959f,0.0106f,0.0f,0.0f,0.0f,1.0f],start_interpolation:0,interpolation_duration:1}
$data merge entity $(bone_right_leg) {transformation:[-0.996f,0.0813f,-0.0365f,-0.1455f,0.0886f,0.9466f,-0.3099f,-4095.2307f,0.0093f,-0.3119f,-0.9501f,-0.1435f,0.0f,0.0f,0.0f,1.0f],start_interpolation:0,interpolation_duration:1}
$data merge entity $(bone_left_leg) {transformation:[-0.959f,-0.2832f,0.0113f,0.1041f,-0.2619f,0.9009f,0.346f,-5119.2406f,-0.1082f,0.3288f,-0.9382f,-0.133f,0.0f,0.0f,0.0f,1.0f],start_interpolation:0,interpolation_duration:1}
$data merge entity $(bone_torso) {transformation:[-0.9983f,0.0301f,0.0492f,0.0f,0.0394f,0.9791f,0.1995f,-3070.5625f,-0.0422f,0.2011f,-0.9787f,0.0f,0.0f,0.0f,0.0f,1.0f],start_interpolation:0,interpolation_duration:1}
