# This file was generated by Animated Java via MC-Build. It is not recommended to edit this file directly.
$data merge entity $(bone_head) {transformation:[-0.996f,0.0037f,-0.0894f,0.0f,-0.0266f,0.9417f,0.3354f,1.4375f,0.0854f,0.3364f,-0.9378f,0.0f,0.0f,0.0f,0.0f,1.0f],start_interpolation:0,interpolation_duration:1}
$data merge entity $(bone_right_arm) {transformation:[-0.9862f,0.155f,0.0584f,-0.2491f,0.1643f,0.9596f,0.2282f,-1022.5478f,-0.0207f,0.2346f,-0.9719f,-0.0158f,0.0f,0.0f,0.0f,1.0f],start_interpolation:0,interpolation_duration:1}
$data merge entity $(bone_left_arm) {transformation:[-0.9931f,-0.0858f,0.0803f,0.2491f,-0.0604f,0.9586f,0.2784f,-2046.5772f,-0.1008f,0.2716f,-0.9571f,0.0158f,0.0f,0.0f,0.0f,1.0f],start_interpolation:0,interpolation_duration:1}
$data merge entity $(bone_right_leg) {transformation:[-0.9997f,0.026f,0.0019f,-0.1503f,0.025f,0.977f,-0.2118f,-4095.2107f,-0.0074f,-0.2117f,-0.9773f,-0.2133f,0.0f,0.0f,0.0f,1.0f],start_interpolation:0,interpolation_duration:1}
$data merge entity $(bone_left_leg) {transformation:[-0.9391f,-0.3434f,0.0125f,0.0988f,-0.2969f,0.8291f,0.4737f,-5119.2255f,-0.173f,0.4412f,-0.8806f,-0.1975f,0.0f,0.0f,0.0f,1.0f],start_interpolation:0,interpolation_duration:1}
$data merge entity $(bone_torso) {transformation:[-0.9963f,0.0375f,0.078f,0.0f,0.059f,0.9536f,0.2953f,-3070.5625f,-0.0633f,0.2988f,-0.9522f,0.0f,0.0f,0.0f,0.0f,1.0f],start_interpolation:0,interpolation_duration:1}
