# This file was generated by Animated Java via MC-Build. It is not recommended to edit this file directly.
$data merge entity $(bone_head) {transformation:[-0.982f,-0.0647f,0.1773f,0.0f,0.1191f,0.5164f,0.848f,1.4375f,-0.1464f,0.8539f,-0.4994f,0.0f,0.0f,0.0f,0.0f,1.0f],start_interpolation:0,interpolation_duration:1}
$data merge entity $(bone_right_arm) {transformation:[-0.9188f,0.3254f,0.2234f,-0.2434f,0.3939f,0.7906f,0.4687f,-1022.5238f,-0.0241f,0.5187f,-0.8546f,-0.042f,0.0f,0.0f,0.0f,1.0f],start_interpolation:0,interpolation_duration:1}
$data merge entity $(bone_left_arm) {transformation:[-0.9636f,-0.2225f,0.148f,0.2434f,0.0621f,0.3521f,0.9339f,-2046.6012f,-0.2599f,0.9091f,-0.3254f,0.042f,0.0f,0.0f,0.0f,1.0f],start_interpolation:0,interpolation_duration:1}
$data merge entity $(bone_right_leg) {transformation:[-0.9764f,-0.1246f,0.1762f,-0.1133f,-0.0132f,0.8492f,0.5279f,-4095.0241f,-0.2154f,0.5132f,-0.8308f,-0.5122f,0.0f,0.0f,0.0f,1.0f],start_interpolation:0,interpolation_duration:1}
$data merge entity $(bone_left_leg) {transformation:[-0.9272f,-0.235f,0.2918f,0.1301f,0.0164f,0.7527f,0.6582f,-5119.0628f,-0.3743f,0.615f,-0.694f,-0.4702f,0.0f,0.0f,0.0f,1.0f],start_interpolation:0,interpolation_duration:1}
$data merge entity $(bone_torso) {transformation:[-0.9735f,-0.0122f,0.2282f,0.0f,0.1548f,0.6996f,0.6976f,-3070.5625f,-0.1681f,0.7145f,-0.6792f,0.0f,0.0f,0.0f,0.0f,1.0f],start_interpolation:0,interpolation_duration:1}
