# This file was generated by Animated Java via MC-Build. It is not recommended to edit this file directly.
$data merge entity $(bone_head) {transformation:[-0.9556f,-0.0932f,0.2797f,0.0f,0.2105f,0.4486f,0.8686f,1.4375f,-0.2064f,0.8889f,-0.409f,0.0f,0.0f,0.0f,0.0f,1.0f],start_interpolation:0,interpolation_duration:1}
$data merge entity $(bone_right_arm) {transformation:[-0.8811f,0.3312f,0.3375f,-0.2416f,0.4725f,0.5896f,0.6551f,-1022.5192f,0.018f,0.7367f,-0.676f,-0.0472f,0.0f,0.0f,0.0f,1.0f],start_interpolation:0,interpolation_duration:1}
$data merge entity $(bone_left_arm) {transformation:[-0.9507f,-0.2645f,0.1619f,0.2416f,0.0781f,0.3009f,0.9505f,-2046.6058f,-0.3001f,0.9162f,-0.2654f,0.0472f,0.0f,0.0f,0.0f,1.0f],start_interpolation:0,interpolation_duration:1}
$data merge entity $(bone_right_leg) {transformation:[-0.9732f,-0.0722f,0.2182f,-0.094f,0.1274f,0.6206f,0.7737f,-4094.9732f,-0.1913f,0.7808f,-0.5948f,-0.5575f,0.0f,0.0f,0.0f,1.0f],start_interpolation:0,interpolation_duration:1}
$data merge entity $(bone_left_leg) {transformation:[-0.9263f,-0.1377f,0.3506f,0.1477f,0.1263f,0.7634f,0.6334f,-5119.0165f,-0.3549f,0.631f,-0.6898f,-0.5103f,0.0f,0.0f,0.0f,1.0f],start_interpolation:0,interpolation_duration:1}
$data merge entity $(bone_torso) {transformation:[-0.9666f,-0.039f,0.2533f,0.0f,0.1732f,0.6289f,0.758f,-3070.5625f,-0.1889f,0.7765f,-0.6011f,0.0f,0.0f,0.0f,0.0f,1.0f],start_interpolation:0,interpolation_duration:1}
