# This file was generated by Animated Java via MC-Build. It is not recommended to edit this file directly.
$data merge entity $(bone_head) {transformation:[-0.8862f,-0.1437f,0.4404f,0.0f,0.3777f,0.326f,0.8666f,1.4375f,-0.2682f,0.9344f,-0.2347f,0.0f,0.0f,0.0f,0.0f,1.0f],start_interpolation:0,interpolation_duration:1}
$data merge entity $(bone_right_arm) {transformation:[-0.8732f,0.2167f,0.4365f,-0.2376f,0.4808f,0.2362f,0.8444f,-1022.5102f,0.0799f,0.9472f,-0.3105f,-0.0575f,0.0f,0.0f,0.0f,1.0f],start_interpolation:0,interpolation_duration:1}
$data merge entity $(bone_left_arm) {transformation:[-0.9123f,-0.3261f,0.2478f,0.2376f,0.1085f,0.3911f,0.9139f,-2046.6148f,-0.395f,0.8606f,-0.3214f,0.0575f,0.0f,0.0f,0.0f,1.0f],start_interpolation:0,interpolation_duration:1}
$data merge entity $(bone_right_leg) {transformation:[-0.925f,-0.012f,0.3798f,-0.0452f,0.3764f,0.1075f,0.9202f,-4094.8626f,-0.0519f,0.9941f,-0.0949f,-0.6294f,0.0f,0.0f,0.0f,1.0f],start_interpolation:0,interpolation_duration:1}
$data merge entity $(bone_left_leg) {transformation:[-0.898f,-0.0439f,0.4378f,0.1924f,0.287f,0.6958f,0.6584f,-5118.9149f,-0.3335f,0.7169f,-0.6122f,-0.5719f,0.0f,0.0f,0.0f,1.0f],start_interpolation:0,interpolation_duration:1}
$data merge entity $(bone_torso) {transformation:[-0.9504f,-0.1071f,0.2921f,0.0f,0.2093f,0.4745f,0.855f,-3070.5625f,-0.2302f,0.8737f,-0.4286f,0.0f,0.0f,0.0f,0.0f,1.0f],start_interpolation:0,interpolation_duration:1}
