# This file was generated by Animated Java via MC-Build. It is not recommended to edit this file directly.
$data merge entity $(bone_head) {transformation:[-0.8614f,-0.1684f,0.4792f,0.0f,0.4281f,0.2668f,0.8634f,1.4375f,-0.2732f,0.9489f,-0.1577f,0.0f,0.0f,0.0f,0.0f,1.0f],start_interpolation:0,interpolation_duration:1}
$data merge entity $(bone_right_arm) {transformation:[-0.8973f,0.1282f,0.4224f,-0.2353f,0.4337f,0.0769f,0.8978f,-1022.5058f,0.0826f,0.9888f,-0.1246f,-0.0627f,0.0f,0.0f,0.0f,1.0f],start_interpolation:0,interpolation_duration:1}
$data merge entity $(bone_left_arm) {transformation:[-0.8862f,-0.3494f,0.3041f,0.2353f,0.1242f,0.4531f,0.8828f,-2046.6192f,-0.4462f,0.8201f,-0.3581f,0.0627f,0.0f,0.0f,0.0f,1.0f],start_interpolation:0,interpolation_duration:1}
$data merge entity $(bone_right_leg) {transformation:[-0.8939f,0.0522f,0.4453f,-0.0165f,0.4476f,0.0469f,0.893f,-4094.8041f,0.0257f,0.9975f,-0.0653f,-0.6555f,0.0f,0.0f,0.0f,1.0f],start_interpolation:0,interpolation_duration:1}
$data merge entity $(bone_left_leg) {transformation:[-0.8651f,-0.0991f,0.4917f,0.2188f,0.3418f,0.6008f,0.7226f,-5118.8608f,-0.367f,0.7932f,-0.4859f,-0.5928f,0.0f,0.0f,0.0f,1.0f],start_interpolation:0,interpolation_duration:1}
$data merge entity $(bone_torso) {transformation:[-0.9411f,-0.1471f,0.3043f,0.0f,0.2268f,0.3927f,0.8913f,-3070.5625f,-0.2507f,0.9078f,-0.3362f,0.0f,0.0f,0.0f,0.0f,1.0f],start_interpolation:0,interpolation_duration:1}
