# This file was generated by Animated Java via MC-Build. It is not recommended to edit this file directly.
$data merge entity $(bone_head) {transformation:[-0.8701f,-0.1592f,0.4664f,0.0f,0.4106f,0.2893f,0.8647f,1.4375f,-0.2726f,0.9439f,-0.1863f,0.0f,0.0f,0.0f,0.0f,1.0f],start_interpolation:0,interpolation_duration:1}
$data merge entity $(bone_right_arm) {transformation:[-0.9251f,0.0384f,0.3778f,-0.2328f,0.374f,-0.0801f,0.9239f,-1022.5015f,0.0658f,0.996f,0.0598f,-0.0678f,0.0f,0.0f,0.0f,1.0f],start_interpolation:0,interpolation_duration:1}
$data merge entity $(bone_left_arm) {transformation:[-0.8558f,-0.3819f,0.3488f,0.2328f,0.1403f,0.4776f,0.8673f,-2046.6235f,-0.4979f,0.7912f,-0.3552f,0.0678f,0.0f,0.0f,0.0f,1.0f],start_interpolation:0,interpolation_duration:1}
$data merge entity $(bone_right_leg) {transformation:[-0.8594f,0.1779f,0.4793f,0.0144f,0.4982f,0.081f,0.8633f,-4094.7444f,0.1147f,0.9807f,-0.1583f,-0.6745f,0.0f,0.0f,0.0f,1.0f],start_interpolation:0,interpolation_duration:1}
$data merge entity $(bone_left_leg) {transformation:[-0.8136f,-0.2195f,0.5385f,0.2472f,0.3983f,0.4643f,0.7911f,-5118.8054f,-0.4237f,0.858f,-0.2903f,-0.6068f,0.0f,0.0f,0.0f,1.0f],start_interpolation:0,interpolation_duration:1}
$data merge entity $(bone_torso) {transformation:[-0.9312f,-0.1903f,0.311f,0.0f,0.2439f,0.309f,0.9193f,-3070.5625f,-0.271f,0.9318f,-0.2413f,0.0f,0.0f,0.0f,0.0f,1.0f],start_interpolation:0,interpolation_duration:1}
