# This file was generated by Animated Java via MC-Build. It is not recommended to edit this file directly.
$data merge entity $(bone_head) {transformation:[-0.8248f,-0.4798f,0.2994f,0.0f,0.4632f,-0.2694f,0.8443f,1.4375f,-0.3244f,0.835f,0.4444f,0.0f,0.0f,0.0f,0.0f,1.0f],start_interpolation:0,interpolation_duration:1}
$data merge entity $(bone_right_arm) {transformation:[-0.9534f,-0.1174f,0.278f,-0.2106f,0.2998f,-0.2635f,0.9169f,-1022.4749f,-0.0344f,0.9575f,0.2864f,-0.1025f,0.0f,0.0f,0.0f,1.0f],start_interpolation:0,interpolation_duration:1}
$data merge entity $(bone_left_arm) {transformation:[-0.601f,-0.7433f,0.2939f,0.2106f,0.3635f,0.0732f,0.9287f,-2046.6501f,-0.7118f,0.665f,0.2262f,0.1025f,0.0f,0.0f,0.0f,1.0f],start_interpolation:0,interpolation_duration:1}
$data merge entity $(bone_right_leg) {transformation:[-0.9203f,-0.3864f,0.0605f,0.2445f,0.3443f,-0.7269f,0.5942f,-4094.3363f,-0.1857f,0.5677f,0.802f,-0.6143f,0.0f,0.0f,0.0f,1.0f],start_interpolation:0,interpolation_duration:1}
$data merge entity $(bone_left_leg) {transformation:[-0.7176f,-0.6552f,0.2361f,0.4551f,0.5519f,-0.3282f,0.7666f,-5118.4239f,-0.4249f,0.6804f,0.5971f,-0.5118f,0.0f,0.0f,0.0f,1.0f],start_interpolation:0,interpolation_duration:1}
$data merge entity $(bone_torso) {transformation:[-0.8422f,-0.5088f,0.1781f,0.0f,0.3503f,-0.2654f,0.8983f,-3070.5625f,-0.4098f,0.8189f,0.4017f,0.0f,0.0f,0.0f,0.0f,1.0f],start_interpolation:0,interpolation_duration:1}
