# This file was generated by Animated Java via MC-Build. It is not recommended to edit this file directly.
$data merge entity $(bone_head) {transformation:[-0.8034f,-0.5635f,0.1924f,0.0f,0.515f,-0.4954f,0.6995f,1.4375f,-0.2989f,0.6611f,0.6882f,0.0f,0.0f,0.0f,0.0f,1.0f],start_interpolation:0,interpolation_duration:1}
$data merge entity $(bone_right_arm) {transformation:[-0.9524f,-0.1193f,0.2806f,-0.2028f,0.2995f,-0.194f,0.9342f,-1022.4686f,-0.057f,0.9737f,0.2205f,-0.112f,0.0f,0.0f,0.0f,1.0f],start_interpolation:0,interpolation_duration:1}
$data merge entity $(bone_left_arm) {transformation:[-0.6361f,-0.7523f,0.1713f,0.2028f,0.4534f,-0.1848f,0.8719f,-2046.6564f,-0.6243f,0.6323f,0.4587f,0.112f,0.0f,0.0f,0.0f,1.0f],start_interpolation:0,interpolation_duration:1}
$data merge entity $(bone_right_leg) {transformation:[-0.9181f,-0.3937f,0.0462f,0.2964f,0.3311f,-0.6976f,0.6354f,-4094.236f,-0.218f,0.5986f,0.7708f,-0.5421f,0.0f,0.0f,0.0f,1.0f],start_interpolation:0,interpolation_duration:1}
$data merge entity $(bone_left_leg) {transformation:[-0.7969f,-0.5868f,0.1439f,0.4992f,0.44f,-0.4005f,0.8037f,-5118.3299f,-0.414f,0.7038f,0.5774f,-0.4301f,0.0f,0.0f,0.0f,1.0f],start_interpolation:0,interpolation_duration:1}
$data merge entity $(bone_torso) {transformation:[-0.8113f,-0.5786f,0.0833f,0.0f,0.3756f,-0.4067f,0.8328f,-3070.5625f,-0.448f,0.707f,0.5473f,0.0f,0.0f,0.0f,0.0f,1.0f],start_interpolation:0,interpolation_duration:1}
