# This file was generated by Animated Java via MC-Build. It is not recommended to edit this file directly.
$data merge entity $(bone_head) {transformation:[-0.7987f,-0.5891f,0.1228f,0.0f,0.5234f,-0.5794f,0.6248f,1.4375f,-0.2969f,0.5633f,0.7711f,0.0f,0.0f,0.0f,0.0f,1.0f],start_interpolation:0,interpolation_duration:1}
$data merge entity $(bone_right_arm) {transformation:[-0.9454f,-0.1937f,0.2621f,-0.1988f,0.2957f,-0.1719f,0.9397f,-1022.4657f,-0.137f,0.9659f,0.2198f,-0.1167f,0.0f,0.0f,0.0f,1.0f],start_interpolation:0,interpolation_duration:1}
$data merge entity $(bone_left_arm) {transformation:[-0.6379f,-0.7562f,0.1457f,0.1988f,0.4766f,-0.2391f,0.846f,-2046.6593f,-0.6049f,0.6091f,0.5129f,0.1167f,0.0f,0.0f,0.0f,1.0f],start_interpolation:0,interpolation_duration:1}
$data merge entity $(bone_right_leg) {transformation:[-0.9196f,-0.3887f,0.0567f,0.3171f,0.3199f,-0.6571f,0.6825f,-4094.1901f,-0.228f,0.6458f,0.7286f,-0.499f,0.0f,0.0f,0.0f,1.0f],start_interpolation:0,interpolation_duration:1}
$data merge entity $(bone_left_leg) {transformation:[-0.8188f,-0.5661f,0.0956f,0.5159f,0.3803f,-0.4099f,0.8291f,-5118.2869f,-0.4301f,0.7152f,0.5509f,-0.3823f,0.0f,0.0f,0.0f,1.0f],start_interpolation:0,interpolation_duration:1}
$data merge entity $(bone_torso) {transformation:[-0.7951f,-0.6058f,0.0283f,0.0f,0.3872f,-0.4713f,0.7924f,-3070.5625f,-0.4667f,0.641f,0.6093f,0.0f,0.0f,0.0f,0.0f,1.0f],start_interpolation:0,interpolation_duration:1}
