# This file was generated by Animated Java via MC-Build. It is not recommended to edit this file directly.
$data merge entity $(bone_head) {transformation:[-0.7959f,-0.6051f,0.0201f,0.0f,0.5171f,-0.6622f,0.5422f,1.4375f,-0.3148f,0.442f,0.84f,0.0f,0.0f,0.0f,0.0f,1.0f],start_interpolation:0,interpolation_duration:1}
$data merge entity $(bone_right_arm) {transformation:[-0.9184f,-0.3185f,0.2346f,-0.1946f,0.2998f,-0.1738f,0.938f,-1022.4629f,-0.258f,0.9319f,0.2551f,-0.1213f,0.0f,0.0f,0.0f,1.0f],start_interpolation:0,interpolation_duration:1}
$data merge entity $(bone_left_arm) {transformation:[-0.6403f,-0.7561f,0.1354f,0.1946f,0.4913f,-0.2677f,0.8288f,-2046.6621f,-0.5904f,0.5972f,0.5429f,0.1213f,0.0f,0.0f,0.0f,1.0f],start_interpolation:0,interpolation_duration:1}
$data merge entity $(bone_right_leg) {transformation:[-0.9216f,-0.3824f,0.0663f,0.3338f,0.3049f,-0.6078f,0.7332f,-4094.1473f,-0.24f,0.6959f,0.6768f,-0.4522f,0.0f,0.0f,0.0f,1.0f],start_interpolation:0,interpolation_duration:1}
$data merge entity $(bone_left_leg) {transformation:[-0.8277f,-0.5595f,0.0425f,0.5284f,0.3222f,-0.4118f,0.8524f,-5118.2469f,-0.4594f,0.7193f,0.5211f,-0.3309f,0.0f,0.0f,0.0f,1.0f],start_interpolation:0,interpolation_duration:1}
$data merge entity $(bone_torso) {transformation:[-0.7784f,-0.627f,-0.0311f,0.0f,0.3983f,-0.5315f,0.7476f,-3070.5625f,-0.4853f,0.5695f,0.6634f,0.0f,0.0f,0.0f,0.0f,1.0f],start_interpolation:0,interpolation_duration:1}
