# This file was generated by Animated Java via MC-Build. It is not recommended to edit this file directly.
$data merge entity $(bone_head) {transformation:[-0.7895f,-0.6055f,-0.1006f,0.0f,0.4974f,-0.7271f,0.4731f,1.4375f,-0.3596f,0.3235f,0.8752f,0.0f,0.0f,0.0f,0.0f,1.0f],start_interpolation:0,interpolation_duration:1}
$data merge entity $(bone_right_arm) {transformation:[-0.8707f,-0.4534f,0.1905f,-0.1903f,0.3139f,-0.2141f,0.925f,-1022.4604f,-0.3786f,0.8652f,0.3287f,-0.1259f,0.0f,0.0f,0.0f,1.0f],start_interpolation:0,interpolation_duration:1}
$data merge entity $(bone_left_arm) {transformation:[-0.6415f,-0.7564f,0.128f,0.1903f,0.5004f,-0.286f,0.8172f,-2046.6646f,-0.5815f,0.5883f,0.562f,0.1259f,0.0f,0.0f,0.0f,1.0f],start_interpolation:0,interpolation_duration:1}
$data merge entity $(bone_right_leg) {transformation:[-0.9224f,-0.3803f,0.0677f,0.346f,0.2874f,-0.5586f,0.778f,-4094.1078f,-0.258f,0.7371f,0.6246f,-0.4023f,0.0f,0.0f,0.0f,1.0f],start_interpolation:0,interpolation_duration:1}
$data merge entity $(bone_left_leg) {transformation:[-0.8197f,-0.5726f,-0.0146f,0.5363f,0.2801f,-0.4229f,0.8618f,-5118.2099f,-0.4997f,0.7023f,0.5071f,-0.2763f,0.0f,0.0f,0.0f,1.0f],start_interpolation:0,interpolation_duration:1}
$data merge entity $(bone_torso) {transformation:[-0.7612f,-0.6417f,-0.094f,0.0f,0.4086f,-0.5871f,0.6988f,-3070.5625f,-0.5037f,0.4935f,0.7091f,0.0f,0.0f,0.0f,0.0f,1.0f],start_interpolation:0,interpolation_duration:1}
