# This file was generated by Animated Java via MC-Build. It is not recommended to edit this file directly.
$data merge entity $(bone_head) {transformation:[-0.7748f,-0.5949f,-0.2141f,0.0f,0.4764f,-0.772f,0.4208f,1.4375f,-0.4156f,0.224f,0.8815f,0.0f,0.0f,0.0f,0.0f,1.0f],start_interpolation:0,interpolation_duration:1}
$data merge entity $(bone_right_arm) {transformation:[-0.8219f,-0.5587f,0.1108f,-0.1859f,0.3313f,-0.3109f,0.8908f,-1022.458f,-0.4633f,0.7689f,0.4406f,-0.1304f,0.0f,0.0f,0.0f,1.0f],start_interpolation:0,interpolation_duration:1}
$data merge entity $(bone_left_arm) {transformation:[-0.64f,-0.7603f,0.1113f,0.1859f,0.5065f,-0.3085f,0.8051f,-2046.667f,-0.5778f,0.5716f,0.5826f,0.1304f,0.0f,0.0f,0.0f,1.0f],start_interpolation:0,interpolation_duration:1}
$data merge entity $(bone_right_leg) {transformation:[-0.9197f,-0.3887f,0.0563f,0.3535f,0.2698f,-0.5212f,0.8096f,-4094.0716f,-0.2854f,0.7598f,0.5842f,-0.3498f,0.0f,0.0f,0.0f,1.0f],start_interpolation:0,interpolation_duration:1}
$data merge entity $(bone_left_leg) {transformation:[-0.7943f,-0.6028f,-0.0759f,0.5394f,0.2685f,-0.4604f,0.8462f,-5118.1762f,-0.545f,0.6517f,0.5275f,-0.2194f,0.0f,0.0f,0.0f,1.0f],start_interpolation:0,interpolation_duration:1}
$data merge entity $(bone_torso) {transformation:[-0.7435f,-0.6493f,-0.1597f,0.0f,0.4182f,-0.6379f,0.6466f,-3070.5625f,-0.5218f,0.414f,0.7459f,0.0f,0.0f,0.0f,0.0f,1.0f],start_interpolation:0,interpolation_duration:1}
