# This file was generated by Animated Java via MC-Build. It is not recommended to edit this file directly.
$data merge entity $(bone_head) {transformation:[-0.7543f,-0.585f,-0.2979f,0.0f,0.4629f,-0.7958f,0.3905f,1.4375f,-0.4655f,0.1567f,0.8711f,0.0f,0.0f,0.0f,0.0f,1.0f],start_interpolation:0,interpolation_duration:1}
$data merge entity $(bone_right_arm) {transformation:[-0.7923f,-0.6096f,-0.0241f,-0.1814f,0.3416f,-0.476f,0.8104f,-1022.4557f,-0.5055f,0.6338f,0.5854f,-0.1349f,0.0f,0.0f,0.0f,1.0f],start_interpolation:0,interpolation_duration:1}
$data merge entity $(bone_left_arm) {transformation:[-0.6345f,-0.7695f,0.0727f,0.1814f,0.5127f,-0.3487f,0.7846f,-2046.6693f,-0.5784f,0.5351f,0.6158f,0.1349f,0.0f,0.0f,0.0f,1.0f],start_interpolation:0,interpolation_duration:1}
$data merge entity $(bone_right_leg) {transformation:[-0.9107f,-0.4121f,0.0279f,0.3559f,0.2556f,-0.5092f,0.8219f,-4094.0389f,-0.3245f,0.7556f,0.569f,-0.2957f,0.0f,0.0f,0.0f,1.0f],start_interpolation:0,interpolation_duration:1}
$data merge entity $(bone_left_leg) {transformation:[-0.7532f,-0.6416f,-0.1449f,0.5373f,0.2993f,-0.5304f,0.7931f,-5118.1457f,-0.5857f,0.5541f,0.5915f,-0.1608f,0.0f,0.0f,0.0f,1.0f],start_interpolation:0,interpolation_duration:1}
$data merge entity $(bone_torso) {transformation:[-0.7255f,-0.6496f,-0.2273f,0.0f,0.4271f,-0.684f,0.5914f,-3070.5625f,-0.5397f,0.332f,0.7736f,0.0f,0.0f,0.0f,0.0f,1.0f],start_interpolation:0,interpolation_duration:1}
