# This file was generated by Animated Java via MC-Build. It is not recommended to edit this file directly.
$data merge entity $(bone_head) {transformation:[-0.7336f,-0.5959f,-0.3269f,0.0f,0.4581f,-0.7888f,0.4098f,1.4375f,-0.502f,0.1509f,0.8516f,0.0f,0.0f,0.0f,0.0f,1.0f],start_interpolation:0,interpolation_duration:1}
$data merge entity $(bone_right_arm) {transformation:[-0.771f,-0.5998f,-0.2139f,-0.1768f,0.3466f,-0.677f,0.6492f,-1022.4537f,-0.5342f,0.4264f,0.7299f,-0.1393f,0.0f,0.0f,0.0f,1.0f],start_interpolation:0,interpolation_duration:1}
$data merge entity $(bone_left_arm) {transformation:[-0.6242f,-0.7811f,0.0183f,0.1768f,0.5207f,-0.3985f,0.755f,-2046.6713f,-0.5824f,0.4808f,0.6554f,0.1393f,0.0f,0.0f,0.0f,1.0f],start_interpolation:0,interpolation_duration:1}
$data merge entity $(bone_right_leg) {transformation:[-0.8893f,-0.4573f,-0.0029f,0.3531f,0.2473f,-0.4863f,0.8381f,-4094.0096f,-0.3847f,0.7446f,0.5456f,-0.2406f,0.0f,0.0f,0.0f,1.0f],start_interpolation:0,interpolation_duration:1}
$data merge entity $(bone_left_leg) {transformation:[-0.7016f,-0.6755f,-0.2267f,0.5299f,0.3639f,-0.6133f,0.701f,-5118.1184f,-0.6126f,0.4094f,0.6761f,-0.1012f,0.0f,0.0f,0.0f,1.0f],start_interpolation:0,interpolation_duration:1}
$data merge entity $(bone_torso) {transformation:[-0.7071f,-0.6422f,-0.2959f,0.0f,0.4352f,-0.7251f,0.5337f,-3070.5625f,-0.5573f,0.2486f,0.7922f,0.0f,0.0f,0.0f,0.0f,1.0f],start_interpolation:0,interpolation_duration:1}
