# This file was generated by Animated Java via MC-Build. It is not recommended to edit this file directly.
$data merge entity $(bone_head) {transformation:[-0.9868f,0.1005f,-0.1267f,0.0f,-0.0691f,0.4462f,0.8923f,1.4375f,0.1462f,0.8893f,-0.4334f,0.0f,0.0f,0.0f,0.0f,1.0f],start_interpolation:0,interpolation_duration:1}
$data merge entity $(bone_right_arm) {transformation:[-0.8957f,0.4307f,-0.1103f,-0.2411f,0.1807f,0.5794f,0.7947f,-1022.6072f,0.4062f,0.6919f,-0.5969f,0.0488f,0.0f,0.0f,0.0f,1.0f],start_interpolation:0,interpolation_duration:1}
$data merge entity $(bone_left_arm) {transformation:[-0.958f,-0.0374f,-0.2843f,0.2411f,-0.2805f,0.3277f,0.9022f,-2046.5178f,0.0594f,0.944f,-0.3245f,-0.0488f,0.0f,0.0f,0.0f,1.0f],start_interpolation:0,interpolation_duration:1}
$data merge entity $(bone_right_leg) {transformation:[-0.9586f,0.2076f,-0.1948f,-0.1536f,-0.0905f,0.4265f,0.8999f,-4095.002f,0.2699f,0.8803f,-0.3901f,-0.5211f,0.0f,0.0f,0.0f,1.0f],start_interpolation:0,interpolation_duration:1}
$data merge entity $(bone_left_leg) {transformation:[-0.9856f,-0.0804f,-0.1489f,0.0875f,-0.1568f,0.7652f,0.6244f,-5118.9573f,0.0637f,0.6388f,-0.7667f,-0.5699f,0.0f,0.0f,0.0f,1.0f],start_interpolation:0,interpolation_duration:1}
$data merge entity $(bone_torso) {transformation:[-0.9644f,0.0481f,-0.2602f,0.0f,-0.1787f,0.6067f,0.7746f,-3070.5625f,0.1951f,0.7935f,-0.5765f,0.0f,0.0f,0.0f,0.0f,1.0f],start_interpolation:0,interpolation_duration:1}
