# This file was generated by Animated Java via MC-Build. It is not recommended to edit this file directly.
$data merge entity $(bone_head) {transformation:[-0.6131f,-0.4945f,-0.6162f,0.0f,0.4471f,-0.8602f,0.2454f,1.4375f,-0.6514f,-0.125f,0.7484f,0.0f,0.0f,0.0f,0.0f,1.0f],start_interpolation:0,interpolation_duration:1}
$data merge entity $(bone_right_arm) {transformation:[-0.7331f,-0.2742f,-0.6224f,-0.1724f,0.3313f,-0.9432f,0.0254f,-1022.452f,-0.594f,-0.1876f,0.7823f,-0.1434f,0.0f,0.0f,0.0f,1.0f],start_interpolation:0,interpolation_duration:1}
$data merge entity $(bone_left_arm) {transformation:[-0.6297f,-0.5862f,-0.5098f,0.1724f,0.5518f,-0.7994f,0.2376f,-2046.673f,-0.5469f,-0.1317f,0.8268f,0.1434f,0.0f,0.0f,0.0f,1.0f],start_interpolation:0,interpolation_duration:1}
$data merge entity $(bone_right_leg) {transformation:[-0.6893f,-0.6404f,-0.3387f,0.2078f,0.3837f,-0.7193f,0.5791f,-4093.8969f,-0.6145f,0.2692f,0.7415f,0.0454f,0.0f,0.0f,0.0f,1.0f],start_interpolation:0,interpolation_duration:1}
$data merge entity $(bone_left_leg) {transformation:[-0.5287f,-0.5205f,-0.6706f,0.3801f,0.6942f,-0.7197f,0.0113f,-5118.0074f,-0.4884f,-0.4596f,0.7418f,0.1888f,0.0f,0.0f,0.0f,1.0f],start_interpolation:0,interpolation_duration:1}
$data merge entity $(bone_torso) {transformation:[-0.6896f,-0.4276f,-0.5845f,0.0f,0.4421f,-0.8878f,0.1278f,-3070.5625f,-0.5736f,-0.1703f,0.8013f,0.0f,0.0f,0.0f,0.0f,1.0f],start_interpolation:0,interpolation_duration:1}
