# This file was generated by Animated Java via MC-Build. It is not recommended to edit this file directly.
$data merge entity $(bone_head) {transformation:[-0.5834f,-0.3461f,-0.7348f,0.0f,0.4594f,-0.8866f,0.0528f,1.4375f,-0.6698f,-0.3068f,0.6762f,0.0f,0.0f,0.0f,0.0f,1.0f],start_interpolation:0,interpolation_duration:1}
$data merge entity $(bone_right_arm) {transformation:[-0.7388f,-0.3116f,-0.5975f,-0.1772f,0.3292f,-0.9406f,0.0834f,-1022.4539f,-0.588f,-0.1351f,0.7975f,-0.1389f,0.0f,0.0f,0.0f,1.0f],start_interpolation:0,interpolation_duration:1}
$data merge entity $(bone_left_arm) {transformation:[-0.6601f,-0.4471f,-0.6037f,0.1772f,0.5435f,-0.839f,0.0271f,-2046.6711f,-0.5185f,-0.3102f,0.7968f,0.1389f,0.0f,0.0f,0.0f,1.0f],start_interpolation:0,interpolation_duration:1}
$data merge entity $(bone_right_leg) {transformation:[-0.663f,-0.6378f,-0.3918f,0.1524f,0.4469f,-0.7572f,0.4763f,-4093.889f,-0.6005f,0.1407f,0.7871f,0.1072f,0.0f,0.0f,0.0f,1.0f],start_interpolation:0,interpolation_duration:1}
$data merge entity $(bone_left_leg) {transformation:[-0.5313f,-0.4526f,-0.7162f,0.3296f,0.7369f,-0.664f,-0.127f,-5117.9976f,-0.418f,-0.5952f,0.6863f,0.2461f,0.0f,0.0f,0.0f,1.0f],start_interpolation:0,interpolation_duration:1}
$data merge entity $(bone_torso) {transformation:[-0.7089f,-0.3505f,-0.612f,0.0f,0.4344f,-0.9006f,0.0126f,-3070.5625f,-0.5556f,-0.2569f,0.7908f,0.0f,0.0f,0.0f,0.0f,1.0f],start_interpolation:0,interpolation_duration:1}
