# This file was generated by Animated Java via MC-Build. It is not recommended to edit this file directly.
$data merge entity $(bone_head) {transformation:[-0.5681f,-0.1853f,-0.8018f,0.0f,0.479f,-0.8667f,-0.1391f,1.4375f,-0.6692f,-0.4631f,0.5812f,0.0f,0.0f,0.0f,0.0f,1.0f],start_interpolation:0,interpolation_duration:1}
$data merge entity $(bone_right_arm) {transformation:[-0.7471f,-0.347f,-0.567f,-0.182f,0.3251f,-0.9347f,0.1438f,-1022.456f,-0.5798f,-0.0769f,0.8111f,-0.1343f,0.0f,0.0f,0.0f,1.0f],start_interpolation:0,interpolation_duration:1}
$data merge entity $(bone_left_arm) {transformation:[-0.6897f,-0.2912f,-0.663f,0.182f,0.5327f,-0.8242f,-0.1922f,-2046.669f,-0.4904f,-0.4858f,0.7235f,0.1343f,0.0f,0.0f,0.0f,1.0f],start_interpolation:0,interpolation_duration:1}
$data merge entity $(bone_right_leg) {transformation:[-0.6449f,-0.6251f,-0.4398f,0.0965f,0.5112f,-0.7805f,0.3599f,-4093.8913f,-0.5682f,0.0073f,0.8229f,0.1687f,0.0f,0.0f,0.0f,1.0f],start_interpolation:0,interpolation_duration:1}
$data merge entity $(bone_left_leg) {transformation:[-0.5531f,-0.3931f,-0.7345f,0.2785f,0.7583f,-0.6026f,-0.2485f,-5117.9978f,-0.345f,-0.6945f,0.6314f,0.303f,0.0f,0.0f,0.0f,1.0f],start_interpolation:0,interpolation_duration:1}
$data merge entity $(bone_torso) {transformation:[-0.7279f,-0.2727f,-0.6291f,0.0f,0.4259f,-0.8989f,-0.1032f,-3070.5625f,-0.5373f,-0.343f,0.7705f,0.0f,0.0f,0.0f,0.0f,1.0f],start_interpolation:0,interpolation_duration:1}
