# This file was generated by Animated Java via MC-Build. It is not recommended to edit this file directly.
$data merge entity $(bone_head) {transformation:[-0.774f,0.1602f,-0.6126f,0.0f,0.4132f,-0.6053f,-0.6803f,1.4375f,-0.4798f,-0.7797f,0.4023f,0.0f,0.0f,0.0f,0.0f,1.0f],start_interpolation:0,interpolation_duration:1}
$data merge entity $(bone_right_arm) {transformation:[-0.8108f,0.0788f,-0.5799f,-0.1999f,0.1223f,-0.9462f,-0.2996f,-1022.4665f,-0.5724f,-0.3138f,0.7576f,-0.1154f,0.0f,0.0f,0.0f,1.0f],start_interpolation:0,interpolation_duration:1}
$data merge entity $(bone_left_arm) {transformation:[-0.7952f,0.1766f,-0.5801f,0.1999f,0.479f,-0.4035f,-0.7796f,-2046.6585f,-0.3718f,-0.8978f,0.2362f,0.1154f,0.0f,0.0f,0.0f,1.0f],start_interpolation:0,interpolation_duration:1}
$data merge entity $(bone_right_leg) {transformation:[-0.7388f,-0.2437f,-0.6283f,-0.1133f,0.5379f,-0.7749f,-0.332f,-4093.9977f,-0.4059f,-0.5833f,0.7036f,0.3955f,0.0f,0.0f,0.0f,1.0f],start_interpolation:0,interpolation_duration:1}
$data merge entity $(bone_left_leg) {transformation:[-0.8112f,-0.2068f,-0.5469f,0.0866f,0.5269f,-0.6642f,-0.5303f,-5118.0937f,-0.2536f,-0.7184f,0.6478f,0.5109f,0.0f,0.0f,0.0f,1.0f],start_interpolation:0,interpolation_duration:1}
$data merge entity $(bone_torso) {transformation:[-0.7995f,0.0195f,-0.6004f,0.0f,0.3842f,-0.7517f,-0.536f,-3070.5625f,-0.4617f,-0.6592f,0.5935f,0.0f,0.0f,0.0f,0.0f,1.0f],start_interpolation:0,interpolation_duration:1}
