# This file was generated by Animated Java via MC-Build. It is not recommended to edit this file directly.
$data merge entity $(bone_head) {transformation:[-0.9848f,0.1009f,0.1413f,0.0f,0.1733f,0.5179f,0.8377f,0.328f,0.0114f,0.8494f,-0.5276f,0.5041f,0.0f,0.0f,0.0f,1.0f],start_interpolation:0,interpolation_duration:1}
$data merge entity $(bone_right_arm) {transformation:[-0.7898f,0.5327f,-0.3041f,-0.25f,-0.3732f,-0.024f,0.9274f,-1023.7344f,0.4868f,0.8459f,0.2178f,0.5f,0.0f,0.0f,0.0f,1.0f],start_interpolation:0,interpolation_duration:1}
$data merge entity $(bone_left_arm) {transformation:[-0.8412f,-0.437f,-0.3185f,0.25f,-0.3521f,-0.0045f,0.936f,-2047.7344f,-0.4104f,0.8994f,-0.1501f,0.5f,0.0f,0.0f,0.0f,1.0f],start_interpolation:0,interpolation_duration:1}
$data merge entity $(bone_right_leg) {transformation:[-0.7484f,0.5653f,-0.347f,-0.125f,-0.4365f,-0.0259f,0.8993f,-4095.6894f,0.4994f,0.8245f,0.2661f,-0.186f,0.0f,0.0f,0.0f,1.0f],start_interpolation:0,interpolation_duration:1}
$data merge entity $(bone_left_leg) {transformation:[-0.9304f,-0.2935f,0.2197f,0.125f,0.2315f,-0.0055f,0.9728f,-5119.6894f,-0.2843f,0.956f,0.0731f,-0.186f,0.0f,0.0f,0.0f,1.0f],start_interpolation:0,interpolation_duration:1}
$data merge entity $(bone_torso) {transformation:[-1.0f,0.0f,0.0f,0.0f,0.0f,-0.0654f,0.9979f,-3071.7344f,0.0f,0.9979f,0.0654f,0.5f,0.0f,0.0f,0.0f,1.0f],start_interpolation:0,interpolation_duration:1}
