# This file was generated by Animated Java via MC-Build. It is not recommended to edit this file directly.
$data merge entity $(bone_head) {transformation:[-0.9848f,0.1228f,0.1228f,0.0f,0.173f,0.6321f,0.7553f,0.1873f,0.0151f,0.7651f,-0.6437f,0.5054f,0.0f,0.0f,0.0f,1.0f],start_interpolation:0,interpolation_duration:1}
$data merge entity $(bone_right_arm) {transformation:[-0.8335f,0.4974f,-0.2405f,-0.25f,-0.3785f,-0.197f,0.9044f,-1023.875f,0.4024f,0.8449f,0.3525f,0.5f,0.0f,0.0f,0.0f,1.0f],start_interpolation:0,interpolation_duration:1}
$data merge entity $(bone_left_arm) {transformation:[-0.8741f,-0.3391f,-0.3477f,0.25f,-0.3503f,-0.0558f,0.935f,-2047.875f,-0.3364f,0.9391f,-0.07f,0.5f,0.0f,0.0f,0.0f,1.0f],start_interpolation:0,interpolation_duration:1}
$data merge entity $(bone_right_leg) {transformation:[-0.8203f,0.4796f,-0.3116f,-0.125f,-0.4416f,-0.1848f,0.878f,-4095.8151f,0.3635f,0.8578f,0.3634f,-0.1849f,0.0f,0.0f,0.0f,1.0f],start_interpolation:0,interpolation_duration:1}
$data merge entity $(bone_left_leg) {transformation:[-0.9615f,-0.1736f,0.2132f,0.125f,0.2304f,-0.0858f,0.9693f,-5119.8151f,-0.15f,0.9811f,0.1225f,-0.1849f,0.0f,0.0f,0.0f,1.0f],start_interpolation:0,interpolation_duration:1}
$data merge entity $(bone_torso) {transformation:[-1.0f,0.0f,0.0f,0.0f,0.0f,-0.0872f,0.9962f,-3071.875f,0.0f,0.9962f,0.0872f,0.5f,0.0f,0.0f,0.0f,1.0f],start_interpolation:0,interpolation_duration:1}
