# This file was generated by Animated Java via MC-Build. It is not recommended to edit this file directly.
$data merge entity $(bone_head) {transformation:[-0.9848f,0.1465f,0.0933f,0.0f,0.1722f,0.8936f,0.4145f,0.4995f,-0.0227f,0.4243f,-0.9052f,0.4918f,0.0f,0.0f,0.0f,1.0f],start_interpolation:0,interpolation_duration:1}
$data merge entity $(bone_right_arm) {transformation:[-0.7259f,0.6831f,-0.0798f,-0.25f,-0.3298f,-0.2439f,0.912f,-1023.5625f,0.6035f,0.6883f,0.4024f,0.5f,0.0f,0.0f,0.0f,1.0f],start_interpolation:0,interpolation_duration:1}
$data merge entity $(bone_left_arm) {transformation:[-0.8229f,-0.3673f,-0.4336f,0.25f,-0.3862f,-0.1981f,0.9009f,-2047.5625f,-0.4168f,0.9088f,0.0212f,0.5f,0.0f,0.0f,0.0f,1.0f],start_interpolation:0,interpolation_duration:1}
$data merge entity $(bone_right_leg) {transformation:[-0.6561f,0.7208f,-0.2236f,-0.125f,-0.3812f,-0.0608f,0.9225f,-4095.6522f,0.6514f,0.6905f,0.3146f,-0.1816f,0.0f,0.0f,0.0f,1.0f],start_interpolation:0,interpolation_duration:1}
$data merge entity $(bone_left_leg) {transformation:[-0.9082f,-0.3865f,0.1609f,0.125f,0.2117f,-0.0923f,0.973f,-5119.6522f,-0.3612f,0.9177f,0.1656f,-0.1816f,0.0f,0.0f,0.0f,1.0f],start_interpolation:0,interpolation_duration:1}
$data merge entity $(bone_torso) {transformation:[-1.0f,0.0f,0.0f,0.0f,0.0f,0.1305f,0.9914f,-3071.5625f,0.0f,0.9914f,-0.1305f,0.5f,0.0f,0.0f,0.0f,1.0f],start_interpolation:0,interpolation_duration:1}
