# This file was generated by Animated Java via MC-Build. It is not recommended to edit this file directly.
$data merge entity $(bone_head) {transformation:[-0.9848f,0.1393f,0.1037f,0.0f,0.173f,0.839f,0.5159f,0.465f,-0.0151f,0.526f,-0.8503f,0.4946f,0.0f,0.0f,0.0f,1.0f],start_interpolation:0,interpolation_duration:1}
$data merge entity $(bone_right_arm) {transformation:[-0.7642f,0.6286f,-0.1441f,-0.25f,-0.3382f,-0.2003f,0.9195f,-1023.5972f,0.5492f,0.7515f,0.3657f,0.5f,0.0f,0.0f,0.0f,1.0f],start_interpolation:0,interpolation_duration:1}
$data merge entity $(bone_left_arm) {transformation:[-0.8435f,-0.3612f,-0.3975f,0.25f,-0.3798f,-0.1222f,0.917f,-2047.5972f,-0.3798f,0.9244f,-0.0341f,0.5f,0.0f,0.0f,0.0f,1.0f],start_interpolation:0,interpolation_duration:1}
$data merge entity $(bone_right_leg) {transformation:[-0.7167f,0.6471f,-0.26f,-0.125f,-0.3964f,-0.0712f,0.9153f,-4095.6571f,0.5738f,0.7591f,0.3075f,-0.1849f,0.0f,0.0f,0.0f,1.0f],start_interpolation:0,interpolation_duration:1}
$data merge entity $(bone_left_leg) {transformation:[-0.9292f,-0.3178f,0.1888f,0.125f,0.2184f,-0.0597f,0.974f,-5119.6571f,-0.2983f,0.9463f,0.1249f,-0.1849f,0.0f,0.0f,0.0f,1.0f],start_interpolation:0,interpolation_duration:1}
$data merge entity $(bone_torso) {transformation:[-1.0f,0.0f,0.0f,0.0f,0.0f,0.0872f,0.9962f,-3071.5972f,0.0f,0.9962f,-0.0872f,0.5f,0.0f,0.0f,0.0f,1.0f],start_interpolation:0,interpolation_duration:1}
