# This file was generated by Animated Java via MC-Build. It is not recommended to edit this file directly.
$data merge entity $(bone_head) {transformation:[-0.9848f,0.1314f,0.1135f,0.0f,0.1735f,0.7729f,0.6103f,0.3611f,-0.0076f,0.6207f,-0.784f,0.4973f,0.0f,0.0f,0.0f,1.0f],start_interpolation:0,interpolation_duration:1}
$data merge entity $(bone_right_arm) {transformation:[-0.8002f,0.5662f,-0.198f,-0.25f,-0.3423f,-0.1601f,0.9259f,-1023.7014f,0.4925f,0.8086f,0.3219f,0.5f,0.0f,0.0f,0.0f,1.0f],start_interpolation:0,interpolation_duration:1}
$data merge entity $(bone_left_arm) {transformation:[-0.8606f,-0.3512f,-0.3687f,0.25f,-0.3771f,-0.0472f,0.925f,-2047.7014f,-0.3423f,0.9351f,-0.0918f,0.5f,0.0f,0.0f,0.0f,1.0f],start_interpolation:0,interpolation_duration:1}
$data merge entity $(bone_right_leg) {transformation:[-0.7717f,0.5664f,-0.2894f,-0.125f,-0.4056f,-0.0878f,0.9098f,-4095.7314f,0.4899f,0.8195f,0.2975f,-0.1868f,0.0f,0.0f,0.0f,1.0f],start_interpolation:0,interpolation_duration:1}
$data merge entity $(bone_left_leg) {transformation:[-0.947f,-0.2464f,0.2063f,0.125f,0.22f,-0.0292f,0.9751f,-5119.7314f,-0.2342f,0.9687f,0.0819f,-0.1868f,0.0f,0.0f,0.0f,1.0f],start_interpolation:0,interpolation_duration:1}
$data merge entity $(bone_torso) {transformation:[-1.0f,0.0f,0.0f,0.0f,0.0f,0.0436f,0.999f,-3071.7014f,0.0f,0.999f,-0.0436f,0.5f,0.0f,0.0f,0.0f,1.0f],start_interpolation:0,interpolation_duration:1}
