# This file was generated by Animated Java via MC-Build. It is not recommended to edit this file directly.
$data merge entity $(bone_head) {transformation:[-0.9848f,0.1228f,0.1228f,0.0f,0.1736f,0.6964f,0.6964f,0.1875f,0.0f,0.7071f,-0.7071f,0.5f,0.0f,0.0f,0.0f,1.0f],start_interpolation:0,interpolation_duration:1}
$data merge entity $(bone_right_arm) {transformation:[-0.8335f,0.4974f,-0.2405f,-0.25f,-0.342f,-0.1227f,0.9317f,-1023.875f,0.4339f,0.8588f,0.2724f,0.5f,0.0f,0.0f,0.0f,1.0f],start_interpolation:0,interpolation_duration:1}
$data merge entity $(bone_left_arm) {transformation:[-0.8741f,-0.3391f,-0.3477f,0.25f,-0.3782f,0.0262f,0.9253f,-2047.875f,-0.3046f,0.9404f,-0.1512f,0.5f,0.0f,0.0f,0.0f,1.0f],start_interpolation:0,interpolation_duration:1}
$data merge entity $(bone_right_leg) {transformation:[-0.8203f,0.4796f,-0.3116f,-0.125f,-0.4082f,-0.1094f,0.9063f,-4095.875f,0.4006f,0.8706f,0.2855f,-0.1875f,0.0f,0.0f,0.0f,1.0f],start_interpolation:0,interpolation_duration:1}
$data merge entity $(bone_left_leg) {transformation:[-0.9615f,-0.1736f,0.2132f,0.125f,0.2164f,0.0f,0.9763f,-5119.875f,-0.1695f,0.9848f,0.0376f,-0.1875f,0.0f,0.0f,0.0f,1.0f],start_interpolation:0,interpolation_duration:1}
$data merge entity $(bone_torso) {transformation:[-1.0f,0.0f,0.0f,0.0f,0.0f,0.0f,1.0f,-3071.875f,0.0f,1.0f,0.0f,0.5f,0.0f,0.0f,0.0f,1.0f],start_interpolation:0,interpolation_duration:1}
