# This file was generated by Animated Java via MC-Build. It is not recommended to edit this file directly.
$data merge entity $(bone_head) {transformation:[-0.9848f,0.0763f,0.156f,0.0f,0.1722f,0.3119f,0.9344f,0.3745f,0.0227f,0.9471f,-0.3203f,0.5082f,0.0f,0.0f,0.0f,1.0f],start_interpolation:0,interpolation_duration:1}
$data merge entity $(bone_right_arm) {transformation:[-0.7391f,0.5543f,-0.3828f,-0.25f,-0.4123f,0.0772f,0.9078f,-1023.6875f,0.5327f,0.8287f,0.1714f,0.5f,0.0f,0.0f,0.0f,1.0f],start_interpolation:0,interpolation_duration:1}
$data merge entity $(bone_left_arm) {transformation:[-0.8005f,-0.5293f,-0.281f,0.25f,-0.3142f,-0.0285f,0.9489f,-2047.6875f,-0.5103f,0.8479f,-0.1436f,0.5f,0.0f,0.0f,0.0f,1.0f],start_interpolation:0,interpolation_duration:1}
$data merge entity $(bone_right_leg) {transformation:[-0.6571f,0.635f,-0.4061f,-0.125f,-0.4778f,0.0658f,0.876f,-4095.5978f,0.583f,0.7697f,0.2602f,-0.1816f,0.0f,0.0f,0.0f,1.0f],start_interpolation:0,interpolation_duration:1}
$data merge entity $(bone_left_leg) {transformation:[-0.882f,-0.4074f,0.237f,0.125f,0.2618f,-0.0054f,0.9651f,-5119.5978f,-0.392f,0.9132f,0.1114f,-0.1816f,0.0f,0.0f,0.0f,1.0f],start_interpolation:0,interpolation_duration:1}
$data merge entity $(bone_torso) {transformation:[-1.0f,0.0f,0.0f,0.0f,0.0f,-0.1305f,0.9914f,-3071.6875f,0.0f,0.9914f,0.1305f,0.5f,0.0f,0.0f,0.0f,1.0f],start_interpolation:0,interpolation_duration:1}
