# This file was generated by Animated Java via MC-Build. It is not recommended to edit this file directly.
$data merge entity $(bone_head) {transformation:[-0.9848f,0.1009f,0.1413f,0.0f,0.1726f,0.4804f,0.8599f,0.3278f,0.0189f,0.8712f,-0.4905f,0.5068f,0.0f,0.0f,0.0f,1.0f],start_interpolation:0,interpolation_duration:1}
$data merge entity $(bone_right_arm) {transformation:[-0.7898f,0.5327f,-0.3041f,-0.25f,-0.3941f,-0.0609f,0.917f,-1023.7344f,0.47f,0.8441f,0.258f,0.5f,0.0f,0.0f,0.0f,1.0f],start_interpolation:0,interpolation_duration:1}
$data merge entity $(bone_left_arm) {transformation:[-0.8412f,-0.437f,-0.3185f,0.25f,-0.3339f,-0.0437f,0.9416f,-2047.7344f,-0.4254f,0.8984f,-0.1092f,0.5f,0.0f,0.0f,0.0f,1.0f],start_interpolation:0,interpolation_duration:1}
$data merge entity $(bone_right_leg) {transformation:[-0.7484f,0.5653f,-0.347f,-0.125f,-0.4579f,-0.0618f,0.8869f,-4095.6595f,0.4799f,0.8226f,0.3051f,-0.1834f,0.0f,0.0f,0.0f,1.0f],start_interpolation:0,interpolation_duration:1}
$data merge entity $(bone_left_leg) {transformation:[-0.9304f,-0.2935f,0.2197f,0.125f,0.2437f,-0.0472f,0.9687f,-5119.6595f,-0.2739f,0.9548f,0.1155f,-0.1834f,0.0f,0.0f,0.0f,1.0f],start_interpolation:0,interpolation_duration:1}
$data merge entity $(bone_torso) {transformation:[-1.0f,0.0f,0.0f,0.0f,0.0f,-0.1089f,0.9941f,-3071.7344f,0.0f,0.9941f,0.1089f,0.5f,0.0f,0.0f,0.0f,1.0f],start_interpolation:0,interpolation_duration:1}
