# This file was generated by Animated Java via MC-Build. It is not recommended to edit this file directly.
$data merge entity $(bone_head) {transformation:[-0.9961f,-0.0439f,-0.077f,0.0f,-0.0397f,0.9977f,-0.055f,1.4375f,0.0792f,-0.0517f,-0.9955f,0.0f,0.0f,0.0f,0.0f,1.0f],start_interpolation:0,interpolation_duration:1}
$data merge entity $(bone_right_arm) {transformation:[-0.9938f,0.1114f,-0.0009f,-0.2499f,0.1051f,0.9399f,0.3248f,-1022.5676f,0.037f,0.3227f,-0.9458f,0.0055f,0.0f,0.0f,0.0f,1.0f],start_interpolation:0,interpolation_duration:1}
$data merge entity $(bone_left_arm) {transformation:[-0.9888f,-0.1488f,0.0094f,0.2499f,-0.1488f,0.9821f,-0.1154f,-2046.5574f,0.008f,-0.1155f,-0.9933f,-0.0055f,0.0f,0.0f,0.0f,1.0f],start_interpolation:0,interpolation_duration:1}
$data merge entity $(bone_right_leg) {transformation:[-0.9942f,0.0612f,-0.088f,-0.1126f,0.0918f,0.9106f,-0.4031f,-4095.2487f,0.0555f,-0.4088f,-0.9109f,-0.0691f,0.0f,0.0f,0.0f,1.0f],start_interpolation:0,interpolation_duration:1}
$data merge entity $(bone_left_leg) {transformation:[-0.9623f,-0.2679f,-0.0478f,0.1373f,-0.2719f,0.9382f,0.214f,-5119.2436f,-0.0125f,0.2189f,-0.9757f,-0.0746f,0.0f,0.0f,0.0f,1.0f],start_interpolation:0,interpolation_duration:1}
$data merge entity $(bone_torso) {transformation:[-0.9996f,-0.018f,-0.0238f,0.0f,-0.0204f,0.9944f,0.1041f,-3070.5625f,0.0218f,0.1045f,-0.9943f,0.0f,0.0f,0.0f,0.0f,1.0f],start_interpolation:0,interpolation_duration:1}
