# This file was generated by Animated Java via MC-Build. It is not recommended to edit this file directly.
$data merge entity $(bone_head) {transformation:[-0.9869f,0.1371f,-0.0845f,0.0f,-0.0251f,0.3872f,0.9216f,1.4375f,0.1591f,0.9117f,-0.3787f,0.0f,0.0f,0.0f,0.0f,1.0f],start_interpolation:0,interpolation_duration:1}
$data merge entity $(bone_right_arm) {transformation:[-0.874f,0.4732f,-0.11f,-0.239f,0.1271f,0.4412f,0.8883f,-1022.6119f,0.4689f,0.7625f,-0.4458f,0.0541f,0.0f,0.0f,0.0f,1.0f],start_interpolation:0,interpolation_duration:1}
$data merge entity $(bone_left_arm) {transformation:[-0.9525f,-0.0685f,-0.2967f,0.239f,-0.3006f,0.3676f,0.88f,-2046.5131f,0.0488f,0.9274f,-0.3708f,-0.0541f,0.0f,0.0f,0.0f,1.0f],start_interpolation:0,interpolation_duration:1}
$data merge entity $(bone_right_leg) {transformation:[-0.9289f,0.3572f,-0.0979f,-0.1762f,-0.0079f,0.2453f,0.9694f,-4094.9499f,0.3703f,0.9012f,-0.2251f,-0.5542f,0.0f,0.0f,0.0f,1.0f],start_interpolation:0,interpolation_duration:1}
$data merge entity $(bone_left_leg) {transformation:[-0.9871f,-0.0193f,-0.1588f,0.0628f,-0.1225f,0.7298f,0.6726f,-5118.9005f,0.1029f,0.6834f,-0.7227f,-0.6083f,0.0f,0.0f,0.0f,1.0f],start_interpolation:0,interpolation_duration:1}
$data merge entity $(bone_torso) {transformation:[-0.9561f,0.0825f,-0.2811f,0.0f,-0.1974f,0.5276f,0.8262f,-3070.5625f,0.2164f,0.8455f,-0.4881f,0.0f,0.0f,0.0f,0.0f,1.0f],start_interpolation:0,interpolation_duration:1}
