# This file was generated by Animated Java via MC-Build. It is not recommended to edit this file directly.
$data merge entity $(bone_head) {transformation:[-0.9147f,0.2746f,-0.2965f,0.0f,0.1785f,-0.3837f,-0.906f,1.4375f,-0.3626f,-0.8817f,0.3019f,0.0f,0.0f,0.0f,0.0f,1.0f],start_interpolation:0,interpolation_duration:1}
$data merge entity $(bone_right_arm) {transformation:[-0.7603f,0.5589f,-0.331f,-0.2119f,0.0177f,-0.4915f,-0.8707f,-1022.4762f,-0.6493f,-0.6679f,0.3638f,-0.1007f,0.0f,0.0f,0.0f,1.0f],start_interpolation:0,interpolation_duration:1}
$data merge entity $(bone_left_arm) {transformation:[-0.8657f,0.0823f,-0.4937f,0.2119f,0.4431f,-0.3327f,-0.8324f,-2046.6488f,-0.2328f,-0.9394f,0.2515f,0.1007f,0.0f,0.0f,0.0f,1.0f],start_interpolation:0,interpolation_duration:1}
$data merge entity $(bone_right_leg) {transformation:[-0.8152f,0.5052f,-0.283f,-0.2347f,0.1572f,-0.2772f,-0.9478f,-4094.1649f,-0.5574f,-0.8172f,0.1466f,0.5245f,0.0f,0.0f,0.0f,1.0f],start_interpolation:0,interpolation_duration:1}
$data merge entity $(bone_left_leg) {transformation:[-0.913f,0.0247f,-0.4071f,-0.0228f,0.2736f,-0.7033f,-0.6561f,-5118.2513f,-0.3026f,-0.7105f,0.6354f,0.6252f,0.0f,0.0f,0.0f,1.0f],start_interpolation:0,interpolation_duration:1}
$data merge entity $(bone_torso) {transformation:[-0.8477f,0.1873f,-0.4964f,0.0f,0.3453f,-0.5155f,-0.7842f,-3070.5625f,-0.4027f,-0.8362f,0.3723f,0.0f,0.0f,0.0f,0.0f,1.0f],start_interpolation:0,interpolation_duration:1}
