# This file was generated by Animated Java via MC-Build. It is not recommended to edit this file directly.
$data merge entity $(bone_head) {transformation:[-0.9267f,0.3031f,-0.2223f,0.0f,0.125f,-0.3093f,-0.9427f,1.4375f,-0.3544f,-0.9014f,0.2488f,0.0f,0.0f,0.0f,0.0f,1.0f],start_interpolation:0,interpolation_duration:1}
$data merge entity $(bone_right_arm) {transformation:[-0.7476f,0.6125f,-0.257f,-0.2156f,0.0748f,-0.3069f,-0.9488f,-1022.4797f,-0.66f,-0.7285f,0.1836f,-0.0957f,0.0f,0.0f,0.0f,1.0f],start_interpolation:0,interpolation_duration:1}
$data merge entity $(bone_left_arm) {transformation:[-0.8879f,0.0183f,-0.4597f,0.2156f,0.4247f,-0.3515f,-0.8343f,-2046.6453f,-0.1768f,-0.936f,0.3043f,0.0957f,0.0f,0.0f,0.0f,1.0f],start_interpolation:0,interpolation_duration:1}
$data merge entity $(bone_right_leg) {transformation:[-0.7852f,0.584f,-0.2058f,-0.2653f,0.0715f,-0.2446f,-0.967f,-4094.2331f,-0.6151f,-0.774f,0.1503f,0.5562f,0.0f,0.0f,0.0f,1.0f],start_interpolation:0,interpolation_duration:1}
$data merge entity $(bone_left_leg) {transformation:[-0.9392f,0.0881f,-0.3317f,-0.0496f,0.2164f,-0.5982f,-0.7716f,-5118.3159f,-0.2664f,-0.7965f,0.5428f,0.6519f,0.0f,0.0f,0.0f,1.0f],start_interpolation:0,interpolation_duration:1}
$data merge entity $(bone_torso) {transformation:[-0.8625f,0.229f,-0.4512f,0.0f,0.3311f,-0.4189f,-0.8455f,-3070.5625f,-0.3827f,-0.8787f,0.2855f,0.0f,0.0f,0.0f,0.0f,1.0f],start_interpolation:0,interpolation_duration:1}
