# This file was generated by Animated Java via MC-Build. It is not recommended to edit this file directly.
$data merge entity $(bone_head) {transformation:[-0.9472f,0.315f,0.0604f,0.0f,0.0886f,0.4382f,-0.8945f,1.4375f,-0.3083f,-0.8419f,-0.4429f,0.0f,0.0f,0.0f,0.0f,1.0f],start_interpolation:0,interpolation_duration:1}
$data merge entity $(bone_right_arm) {transformation:[-0.7801f,0.6202f,-0.0821f,-0.239f,0.278f,0.2261f,-0.9336f,-1022.5131f,-0.5604f,-0.7511f,-0.3488f,-0.0541f,0.0f,0.0f,0.0f,1.0f],start_interpolation:0,interpolation_duration:1}
$data merge entity $(bone_left_arm) {transformation:[-0.9864f,-0.1192f,-0.1133f,0.239f,0.0717f,0.3085f,-0.9485f,-2046.6119f,0.148f,-0.9437f,-0.2957f,0.0541f,0.0f,0.0f,0.0f,1.0f],start_interpolation:0,interpolation_duration:1}
$data merge entity $(bone_right_leg) {transformation:[-0.87f,0.4321f,0.2374f,-0.3152f,0.2319f,0.7836f,-0.5763f,-4094.8484f,-0.435f,-0.4464f,-0.782f,0.5542f,0.0f,0.0f,0.0f,1.0f],start_interpolation:0,interpolation_duration:1}
$data merge entity $(bone_left_leg) {transformation:[-0.9796f,0.1368f,0.1473f,-0.0762f,-0.0381f,0.5931f,-0.8042f,-5118.8978f,-0.1974f,-0.7934f,-0.5758f,0.6083f,0.0f,0.0f,0.0f,1.0f],start_interpolation:0,interpolation_duration:1}
$data merge entity $(bone_torso) {transformation:[-0.9561f,0.2847f,-0.0691f,0.0f,0.1974f,0.4518f,-0.87f,-3070.5625f,-0.2164f,-0.8455f,-0.4881f,0.0f,0.0f,0.0f,0.0f,1.0f],start_interpolation:0,interpolation_duration:1}
