# This file was generated by Animated Java via MC-Build. It is not recommended to edit this file directly.
$data merge entity $(bone_head) {transformation:[-0.945f,0.2929f,0.1454f,0.0f,0.056f,0.583f,-0.8106f,1.4375f,-0.3222f,-0.7579f,-0.5673f,0.0f,0.0f,0.0f,0.0f,1.0f],start_interpolation:0,interpolation_duration:1}
$data merge entity $(bone_right_arm) {transformation:[-0.7812f,0.6149f,-0.1082f,-0.2411f,0.2786f,0.1881f,-0.9418f,-1022.5178f,-0.5587f,-0.7658f,-0.3183f,-0.0488f,0.0f,0.0f,0.0f,1.0f],start_interpolation:0,interpolation_duration:1}
$data merge entity $(bone_left_arm) {transformation:[-0.9961f,-0.0605f,-0.0641f,0.2411f,0.0299f,0.4517f,-0.8917f,-2046.6072f,0.0829f,-0.8901f,-0.4481f,0.0488f,0.0f,0.0f,0.0f,1.0f],start_interpolation:0,interpolation_duration:1}
$data merge entity $(bone_right_leg) {transformation:[-0.8783f,0.423f,0.2228f,-0.3009f,0.2396f,0.7926f,-0.5606f,-4094.9177f,-0.4137f,-0.4391f,-0.7975f,0.5211f,0.0f,0.0f,0.0f,1.0f],start_interpolation:0,interpolation_duration:1}
$data merge entity $(bone_left_leg) {transformation:[-0.9748f,0.1979f,0.1027f,-0.0598f,0.0417f,0.6141f,-0.7881f,-5118.9624f,-0.219f,-0.764f,-0.6069f,0.5699f,0.0f,0.0f,0.0f,1.0f],start_interpolation:0,interpolation_duration:1}
$data merge entity $(bone_torso) {transformation:[-0.9644f,0.2623f,-0.0347f,0.0f,0.1787f,0.5492f,-0.8164f,-3070.5625f,-0.1951f,-0.7935f,-0.5765f,0.0f,0.0f,0.0f,0.0f,1.0f],start_interpolation:0,interpolation_duration:1}
