# This file was generated by Animated Java via MC-Build. It is not recommended to edit this file directly.
$data merge entity $(bone_head) {transformation:[-0.9423f,0.2595f,0.2116f,0.0f,0.0354f,0.7056f,-0.7077f,1.4375f,-0.333f,-0.6594f,-0.674f,0.0f,0.0f,0.0f,0.0f,1.0f],start_interpolation:0,interpolation_duration:1}
$data merge entity $(bone_right_arm) {transformation:[-0.7941f,0.5957f,-0.1203f,-0.2429f,0.2897f,0.197f,-0.9366f,-1022.5226f,-0.5343f,-0.7786f,-0.329f,-0.0434f,0.0f,0.0f,0.0f,1.0f],start_interpolation:0,interpolation_duration:1}
$data merge entity $(bone_left_arm) {transformation:[-0.9995f,-0.0254f,-0.0198f,0.2429f,0.0023f,0.556f,-0.8312f,-2046.6024f,0.0321f,-0.8308f,-0.5557f,0.0434f,0.0f,0.0f,0.0f,1.0f],start_interpolation:0,interpolation_duration:1}
$data merge entity $(bone_right_leg) {transformation:[-0.8829f,0.4269f,0.1957f,-0.2836f,0.2493f,0.7792f,-0.5751f,-4094.9821f,-0.398f,-0.4589f,-0.7943f,0.4814f,0.0f,0.0f,0.0f,1.0f],start_interpolation:0,interpolation_duration:1}
$data merge entity $(bone_left_leg) {transformation:[-0.972f,0.2257f,0.0651f,-0.0407f,0.0972f,0.639f,-0.7631f,-5119.022f,-0.2139f,-0.7354f,-0.643f,0.5249f,0.0f,0.0f,0.0f,1.0f],start_interpolation:0,interpolation_duration:1}
$data merge entity $(bone_torso) {transformation:[-0.9718f,0.2359f,-0.0059f,0.0f,0.1597f,0.6393f,-0.7522f,-3070.5625f,-0.1736f,-0.7319f,-0.659f,0.0f,0.0f,0.0f,0.0f,1.0f],start_interpolation:0,interpolation_duration:1}
