# This file was generated by Animated Java via MC-Build. It is not recommended to edit this file directly.
$data merge entity $(bone_head) {transformation:[-0.9419f,0.2207f,0.2531f,0.0f,0.0275f,0.8019f,-0.5968f,1.4375f,-0.3347f,-0.5552f,-0.7614f,0.0f,0.0f,0.0f,0.0f,1.0f],start_interpolation:0,interpolation_duration:1}
$data merge entity $(bone_right_arm) {transformation:[-0.8366f,0.5317f,-0.1319f,-0.2446f,0.2955f,0.2354f,-0.9259f,-1022.5274f,-0.4612f,-0.8136f,-0.3541f,-0.038f,0.0f,0.0f,0.0f,1.0f],start_interpolation:0,interpolation_duration:1}
$data merge entity $(bone_left_arm) {transformation:[-0.9998f,-0.0185f,0.011f,0.2446f,-0.0201f,0.6159f,-0.7875f,-2046.5976f,0.0078f,-0.7876f,-0.6162f,0.038f,0.0f,0.0f,0.0f,1.0f],start_interpolation:0,interpolation_duration:1}
$data merge entity $(bone_right_leg) {transformation:[-0.8855f,0.437f,0.1578f,-0.2641f,0.2625f,0.7508f,-0.6061f,-4095.0407f,-0.3834f,-0.4953f,-0.7796f,0.4357f,0.0f,0.0f,0.0f,1.0f],start_interpolation:0,interpolation_duration:1}
$data merge entity $(bone_left_leg) {transformation:[-0.9686f,0.2483f,0.0089f,-0.0196f,0.159f,0.6468f,-0.7459f,-5119.0758f,-0.191f,-0.721f,-0.666f,0.4737f,0.0f,0.0f,0.0f,1.0f],start_interpolation:0,interpolation_duration:1}
$data merge entity $(bone_torso) {transformation:[-0.9783f,0.2063f,0.0169f,0.0f,0.1404f,0.7211f,-0.6784f,-3070.5625f,-0.1521f,-0.6613f,-0.7345f,0.0f,0.0f,0.0f,0.0f,1.0f],start_interpolation:0,interpolation_duration:1}
