# This file was generated by Animated Java via MC-Build. It is not recommended to edit this file directly.
$data merge entity $(bone_head) {transformation:[-0.9481f,0.1728f,0.267f,0.0f,0.0331f,0.8885f,-0.4577f,1.4375f,-0.3163f,-0.4251f,-0.8481f,0.0f,0.0f,0.0f,0.0f,1.0f],start_interpolation:0,interpolation_duration:1}
$data merge entity $(bone_right_arm) {transformation:[-0.8944f,0.4294f,-0.1249f,-0.246f,0.2813f,0.3229f,-0.9037f,-1022.5323f,-0.3477f,-0.8434f,-0.4096f,-0.0326f,0.0f,0.0f,0.0f,1.0f],start_interpolation:0,interpolation_duration:1}
$data merge entity $(bone_left_arm) {transformation:[-0.9994f,-0.0146f,0.0327f,0.246f,-0.0343f,0.6514f,-0.758f,-2046.5927f,-0.0103f,-0.7586f,-0.6514f,0.0326f,0.0f,0.0f,0.0f,1.0f],start_interpolation:0,interpolation_duration:1}
$data merge entity $(bone_right_leg) {transformation:[-0.8881f,0.4459f,0.1117f,-0.2431f,0.2789f,0.7157f,-0.6403f,-4095.093f,-0.3655f,-0.5375f,-0.7599f,0.3843f,0.0f,0.0f,0.0f,1.0f],start_interpolation:0,interpolation_duration:1}
$data merge entity $(bone_left_leg) {transformation:[-0.9659f,0.2537f,-0.052f,0.0029f,0.2114f,0.6566f,-0.724f,-5119.1232f,-0.1495f,-0.7103f,-0.6878f,0.417f,0.0f,0.0f,0.0f,1.0f],start_interpolation:0,interpolation_duration:1}
$data merge entity $(bone_torso) {transformation:[-0.9841f,0.1747f,0.0332f,0.0f,0.1208f,0.7936f,-0.5963f,-3070.5625f,-0.1305f,-0.5828f,-0.8021f,0.0f,0.0f,0.0f,0.0f,1.0f],start_interpolation:0,interpolation_duration:1}
