# This file was generated by Animated Java via MC-Build. It is not recommended to edit this file directly.
$data merge entity $(bone_head) {transformation:[-0.9619f,0.1282f,0.2415f,0.0f,0.0467f,0.9472f,-0.3171f,1.4375f,-0.2694f,-0.2937f,-0.9171f,0.0f,0.0f,0.0f,0.0f,1.0f],start_interpolation:0,interpolation_duration:1}
$data merge entity $(bone_right_arm) {transformation:[-0.9427f,0.3178f,-0.1011f,-0.2472f,0.2431f,0.4474f,-0.8607f,-1022.5372f,-0.2283f,-0.836f,-0.499f,-0.0272f,0.0f,0.0f,0.0f,1.0f],start_interpolation:0,interpolation_duration:1}
$data merge entity $(bone_left_arm) {transformation:[-0.9988f,-0.0142f,0.0468f,0.2472f,-0.044f,0.678f,-0.7338f,-2046.5878f,-0.0213f,-0.735f,-0.6778f,0.0272f,0.0f,0.0f,0.0f,1.0f],start_interpolation:0,interpolation_duration:1}
$data merge entity $(bone_right_leg) {transformation:[-0.8924f,0.4469f,0.0625f,-0.2214f,0.2961f,0.6845f,-0.6662f,-4095.1384f,-0.3405f,-0.576f,-0.7432f,0.3281f,0.0f,0.0f,0.0f,1.0f],start_interpolation:0,interpolation_duration:1}
$data merge entity $(bone_left_leg) {transformation:[-0.9662f,0.2375f,-0.1003f,0.0259f,0.2398f,0.6847f,-0.6883f,-5119.1636f,-0.0948f,-0.689f,-0.7185f,0.3553f,0.0f,0.0f,0.0f,1.0f],start_interpolation:0,interpolation_duration:1}
$data merge entity $(bone_torso) {transformation:[-0.9889f,0.1422f,0.043f,0.0f,0.101f,0.856f,-0.507f,-3070.5625f,-0.1089f,-0.497f,-0.8609f,0.0f,0.0f,0.0f,0.0f,1.0f],start_interpolation:0,interpolation_duration:1}
