# This file was generated by Animated Java via MC-Build. It is not recommended to edit this file directly.
$data merge entity $(bone_head) {transformation:[-0.9871f,0.067f,0.1457f,0.0f,0.052f,0.9932f,-0.1046f,1.4375f,-0.1517f,-0.0956f,-0.9838f,0.0f,0.0f,0.0f,0.0f,1.0f],start_interpolation:0,interpolation_duration:1}
$data merge entity $(bone_right_arm) {transformation:[-0.9814f,0.1901f,-0.0255f,-0.249f,0.1693f,0.7963f,-0.5807f,-1022.5473f,-0.0901f,-0.5743f,-0.8137f,-0.0164f,0.0f,0.0f,0.0f,1.0f],start_interpolation:0,interpolation_duration:1}
$data merge entity $(bone_left_arm) {transformation:[-0.9977f,-0.0319f,0.06f,0.249f,-0.0633f,0.7562f,-0.6512f,-2046.5777f,-0.0246f,-0.6535f,-0.7565f,0.0164f,0.0f,0.0f,0.0f,1.0f],start_interpolation:0,interpolation_duration:1}
$data merge entity $(bone_right_leg) {transformation:[-0.9124f,0.409f,-0.0144f,-0.1783f,0.3171f,0.6841f,-0.6568f,-4095.2067f,-0.2588f,-0.6038f,-0.7539f,0.2038f,0.0f,0.0f,0.0f,1.0f],start_interpolation:0,interpolation_duration:1}
$data merge entity $(bone_left_leg) {transformation:[-0.9861f,0.1373f,-0.0939f,0.0707f,0.1662f,0.8367f,-0.5219f,-5119.2219f,0.0069f,-0.5302f,-0.8478f,0.2202f,0.0f,0.0f,0.0f,1.0f],start_interpolation:0,interpolation_duration:1}
$data merge entity $(bone_torso) {transformation:[-0.996f,0.0782f,0.0432f,0.0f,0.0609f,0.948f,-0.3122f,-3070.5625f,-0.0654f,-0.3084f,-0.949f,0.0f,0.0f,0.0f,0.0f,1.0f],start_interpolation:0,interpolation_duration:1}
