# This file was generated by Animated Java via MC-Build. It is not recommended to edit this file directly.
$data merge entity $(bone_head) {transformation:[-0.9938f,0.0543f,0.0969f,0.0f,0.041f,0.9901f,-0.1343f,1.4375f,-0.1032f,-0.1295f,-0.9862f,0.0f,0.0f,0.0f,0.0f,1.0f],start_interpolation:0,interpolation_duration:1}
$data merge entity $(bone_right_arm) {transformation:[-0.9865f,0.163f,0.0183f,-0.2496f,0.1532f,0.9557f,-0.2512f,-1022.5523f,-0.0584f,-0.245f,-0.9678f,-0.0109f,0.0f,0.0f,0.0f,1.0f],start_interpolation:0,interpolation_duration:1}
$data merge entity $(bone_left_arm) {transformation:[-0.9968f,-0.0519f,0.0615f,0.2496f,-0.0781f,0.8083f,-0.5836f,-2046.5727f,-0.0194f,-0.5865f,-0.8097f,0.0109f,0.0f,0.0f,0.0f,1.0f],start_interpolation:0,interpolation_duration:1}
$data merge entity $(bone_right_leg) {transformation:[-0.9351f,0.3482f,-0.0651f,-0.1584f,0.304f,0.6944f,-0.6522f,-4095.2291f,-0.1819f,-0.6297f,-0.7553f,0.1374f,0.0f,0.0f,0.0f,1.0f],start_interpolation:0,interpolation_duration:1}
$data merge entity $(bone_left_leg) {transformation:[-0.9982f,0.0432f,-0.0413f,0.0912f,0.0551f,0.9328f,-0.3561f,-5119.2392f,0.0232f,-0.3577f,-0.9335f,0.1483f,0.0f,0.0f,0.0f,1.0f],start_interpolation:0,interpolation_duration:1}
$data merge entity $(bone_torso) {transformation:[-0.9982f,0.0489f,0.0342f,0.0f,0.0407f,0.977f,-0.2095f,-3070.5625f,-0.0436f,-0.2077f,-0.9772f,0.0f,0.0f,0.0f,0.0f,1.0f],start_interpolation:0,interpolation_duration:1}
