# This file was generated by Animated Java via MC-Build. It is not recommended to edit this file directly.
$data merge entity $(bone_head) {transformation:[-0.998f,0.037f,0.0518f,0.0f,0.0246f,0.9746f,-0.2225f,1.4375f,-0.0587f,-0.2207f,-0.9736f,0.0f,0.0f,0.0f,0.0f,1.0f],start_interpolation:0,interpolation_duration:1}
$data merge entity $(bone_right_arm) {transformation:[-0.9891f,0.1404f,0.0449f,-0.2499f,0.144f,0.9853f,0.0918f,-1022.5574f,-0.0314f,0.0972f,-0.9948f,-0.0055f,0.0f,0.0f,0.0f,1.0f],start_interpolation:0,interpolation_duration:1}
$data merge entity $(bone_left_arm) {transformation:[-0.9944f,-0.0876f,0.0585f,0.2499f,-0.1049f,0.872f,-0.4782f,-2046.5676f,-0.0091f,-0.4817f,-0.8763f,0.0055f,0.0f,0.0f,0.0f,1.0f],start_interpolation:0,interpolation_duration:1}
$data merge entity $(bone_right_leg) {transformation:[-0.9619f,0.2605f,-0.0835f,-0.1404f,0.259f,0.7694f,-0.5839f,-4095.2435f,-0.0879f,-0.5833f,-0.8075f,0.0691f,0.0f,0.0f,0.0f,1.0f],start_interpolation:0,interpolation_duration:1}
$data merge entity $(bone_left_leg) {transformation:[-0.9975f,-0.0698f,-0.0051f,0.1095f,-0.0683f,0.9861f,-0.1512f,-5119.2486f,0.0155f,-0.1505f,-0.9885f,0.0746f,0.0f,0.0f,0.0f,1.0f],start_interpolation:0,interpolation_duration:1}
$data merge entity $(bone_torso) {transformation:[-0.9996f,0.0225f,0.0196f,0.0f,0.0204f,0.9943f,-0.1049f,-3070.5625f,-0.0218f,-0.1045f,-0.9943f,0.0f,0.0f,0.0f,0.0f,1.0f],start_interpolation:0,interpolation_duration:1}
