# This file was generated by Animated Java via MC-Build. It is not recommended to edit this file directly.
$data merge entity $(bone_head) {transformation:[-0.9051f,0.2419f,-0.3498f,0.0f,-0.2764f,0.2907f,0.916f,1.4375f,0.3233f,0.9257f,-0.1962f,0.0f,0.0f,0.0f,0.0f,1.0f],start_interpolation:0,interpolation_duration:1}
$data merge entity $(bone_right_arm) {transformation:[-0.7568f,0.6453f,-0.1041f,-0.2258f,-0.2934f,-0.193f,0.9363f,-1022.6337f,0.5841f,0.7391f,0.3354f,0.0804f,0.0f,0.0f,0.0f,1.0f],start_interpolation:0,interpolation_duration:1}
$data merge entity $(bone_left_arm) {transformation:[-0.9243f,-0.1738f,-0.3397f,0.2258f,-0.3728f,0.2211f,0.9012f,-2046.4913f,-0.0815f,0.9596f,-0.2692f,-0.0804f,0.0f,0.0f,0.0f,1.0f],start_interpolation:0,interpolation_duration:1}
$data merge entity $(bone_right_leg) {transformation:[-0.682f,0.7102f,-0.1747f,-0.3236f,-0.0132f,0.2268f,0.9738f,-4094.6645f,0.7312f,0.6665f,-0.1453f,-0.6108f,0.0f,0.0f,0.0f,1.0f],start_interpolation:0,interpolation_duration:1}
$data merge entity $(bone_left_leg) {transformation:[-0.9983f,0.0123f,0.0563f,-0.0979f,0.0533f,-0.1762f,0.9829f,-5118.5934f,0.022f,0.9843f,0.1753f,-0.6912f,0.0f,0.0f,0.0f,1.0f],start_interpolation:0,interpolation_duration:1}
$data merge entity $(bone_torso) {transformation:[-0.9031f,0.3066f,-0.3007f,0.0f,-0.2847f,0.0967f,0.9537f,-3070.5625f,0.3214f,0.9469f,0.0f,0.0f,0.0f,0.0f,0.0f,1.0f],start_interpolation:0,interpolation_duration:1}
