# This file was generated by Animated Java via MC-Build. It is not recommended to edit this file directly.
$data merge entity $(bone_head) {transformation:[-0.8857f,0.3877f,-0.2555f,0.0f,-0.2565f,0.0503f,0.9652f,1.4375f,0.387f,0.9204f,0.0549f,0.0f,0.0f,0.0f,0.0f,1.0f],start_interpolation:0,interpolation_duration:1}
$data merge entity $(bone_right_arm) {transformation:[-0.6965f,0.7051f,-0.1329f,-0.2192f,-0.3278f,-0.1479f,0.9331f,-1022.6416f,0.6383f,0.6935f,0.3341f,0.0906f,0.0f,0.0f,0.0f,1.0f],start_interpolation:0,interpolation_duration:1}
$data merge entity $(bone_left_arm) {transformation:[-0.9329f,-0.1326f,-0.335f,0.2192f,-0.3448f,0.0595f,0.9368f,-2046.4834f,-0.1043f,0.9894f,-0.1012f,-0.0906f,0.0f,0.0f,0.0f,1.0f],start_interpolation:0,interpolation_duration:1}
$data merge entity $(bone_right_leg) {transformation:[-0.7395f,0.66f,0.1325f,-0.3874f,-0.2253f,-0.428f,0.8752f,-4094.5503f,0.6343f,0.6174f,0.4652f,-0.5814f,0.0f,0.0f,0.0f,1.0f],start_interpolation:0,interpolation_duration:1}
$data merge entity $(bone_left_leg) {transformation:[-0.988f,0.1091f,0.109f,-0.1682f,0.056f,-0.4049f,0.9127f,-5118.4712f,0.1437f,0.9078f,0.3939f,-0.6721f,0.0f,0.0f,0.0f,1.0f],start_interpolation:0,interpolation_duration:1}
$data merge entity $(bone_torso) {transformation:[-0.8767f,0.404f,-0.261f,0.0f,-0.3162f,-0.0753f,0.9457f,-3070.5625f,0.3624f,0.9116f,0.1938f,0.0f,0.0f,0.0f,0.0f,1.0f],start_interpolation:0,interpolation_duration:1}
