# This file was generated by Animated Java via MC-Build. It is not recommended to edit this file directly.
$data merge entity $(bone_head) {transformation:[-0.8709f,0.4592f,-0.175f,0.0f,-0.239f,-0.0846f,0.9673f,1.4375f,0.4294f,0.8843f,0.1834f,0.0f,0.0f,0.0f,0.0f,1.0f],start_interpolation:0,interpolation_duration:1}
$data merge entity $(bone_right_arm) {transformation:[-0.6566f,0.7327f,-0.1791f,-0.2156f,-0.3278f,-0.0634f,0.9426f,-1022.6453f,0.6793f,0.6776f,0.2818f,0.0957f,0.0f,0.0f,0.0f,1.0f],start_interpolation:0,interpolation_duration:1}
$data merge entity $(bone_left_arm) {transformation:[-0.947f,-0.0442f,-0.3181f,0.2156f,-0.3165f,-0.0412f,0.9477f,-2046.4797f,-0.055f,0.9982f,0.025f,-0.0957f,0.0f,0.0f,0.0f,1.0f],start_interpolation:0,interpolation_duration:1}
$data merge entity $(bone_right_leg) {transformation:[-0.7488f,0.634f,0.1929f,-0.4175f,-0.2891f,-0.5745f,0.7658f,-4094.4952f,0.5964f,0.5177f,0.6135f,-0.5562f,0.0f,0.0f,0.0f,1.0f],start_interpolation:0,interpolation_duration:1}
$data merge entity $(bone_left_leg) {transformation:[-0.9671f,0.238f,0.0897f,-0.2019f,-0.0208f,-0.4254f,0.9048f,-5118.4124f,0.2535f,0.8732f,0.4163f,-0.6519f,0.0f,0.0f,0.0f,1.0f],start_interpolation:0,interpolation_duration:1}
$data merge entity $(bone_torso) {transformation:[-0.8625f,0.4505f,-0.2304f,0.0f,-0.3311f,-0.1581f,0.9303f,-3070.5625f,0.3827f,0.8787f,0.2855f,0.0f,0.0f,0.0f,0.0f,1.0f],start_interpolation:0,interpolation_duration:1}
