# This file was generated by Animated Java via MC-Build. It is not recommended to edit this file directly.
$data merge entity $(bone_head) {transformation:[-0.8505f,0.5199f,-0.0798f,0.0f,-0.2232f,-0.2193f,0.9498f,1.4375f,0.4763f,0.8256f,0.3025f,0.0f,0.0f,0.0f,0.0f,1.0f],start_interpolation:0,interpolation_duration:1}
$data merge entity $(bone_right_arm) {transformation:[-0.6117f,0.7541f,-0.2392f,-0.2119f,-0.3304f,0.0312f,0.9433f,-1022.6488f,0.7188f,0.656f,0.2301f,0.1007f,0.0f,0.0f,0.0f,1.0f],start_interpolation:0,interpolation_duration:1}
$data merge entity $(bone_left_arm) {transformation:[-0.9561f,0.0864f,-0.2801f,0.2119f,-0.291f,-0.1637f,0.9426f,-2046.4762f,0.0355f,0.9827f,0.1817f,-0.1007f,0.0f,0.0f,0.0f,1.0f],start_interpolation:0,interpolation_duration:1}
$data merge entity $(bone_right_leg) {transformation:[-0.7263f,0.6547f,0.2096f,-0.4457f,-0.3249f,-0.5956f,0.7347f,-4094.4421f,0.6058f,0.4655f,0.6452f,-0.5245f,0.0f,0.0f,0.0f,1.0f],start_interpolation:0,interpolation_duration:1}
$data merge entity $(bone_left_leg) {transformation:[-0.9257f,0.3759f,0.0428f,-0.2338f,-0.1258f,-0.4126f,0.9022f,-5118.3558f,0.3568f,0.8298f,0.4292f,-0.6252f,0.0f,0.0f,0.0f,1.0f],start_interpolation:0,interpolation_duration:1}
$data merge entity $(bone_torso) {transformation:[-0.8477f,0.4942f,-0.193f,0.0f,-0.3453f,-0.2379f,0.9078f,-3070.5625f,0.4027f,0.8362f,0.3723f,0.0f,0.0f,0.0f,0.0f,1.0f],start_interpolation:0,interpolation_duration:1}
