# This file was generated by Animated Java via MC-Build. It is not recommended to edit this file directly.
$data merge entity $(bone_head) {transformation:[-0.8242f,0.5659f,0.0216f,0.0f,-0.2135f,-0.3459f,0.9136f,1.4375f,0.5245f,0.7484f,0.4059f,0.0f,0.0f,0.0f,0.0f,1.0f],start_interpolation:0,interpolation_duration:1}
$data merge entity $(bone_right_arm) {transformation:[-0.5681f,0.7673f,-0.2974f,-0.208f,-0.3434f,0.1074f,0.933f,-1022.6522f,0.7479f,0.6322f,0.2024f,0.1057f,0.0f,0.0f,0.0f,1.0f],start_interpolation:0,interpolation_duration:1}
$data merge entity $(bone_left_arm) {transformation:[-0.9507f,0.2191f,-0.2195f,0.208f,-0.2765f,-0.2783f,0.9198f,-2046.4728f,0.1405f,0.9352f,0.3252f,-0.1057f,0.0f,0.0f,0.0f,1.0f],start_interpolation:0,interpolation_duration:1}
$data merge entity $(bone_right_leg) {transformation:[-0.6961f,0.689f,0.2019f,-0.4712f,-0.356f,-0.5754f,0.7364f,-4094.3914f,0.6235f,0.4407f,0.6458f,-0.4868f,0.0f,0.0f,0.0f,1.0f],start_interpolation:0,interpolation_duration:1}
$data merge entity $(bone_left_leg) {transformation:[-0.8744f,0.4852f,-0.0059f,-0.2632f,-0.2262f,-0.3967f,0.8897f,-5118.3017f,0.4293f,0.7793f,0.4566f,-0.5924f,0.0f,0.0f,0.0f,1.0f],start_interpolation:0,interpolation_duration:1}
$data merge entity $(bone_torso) {transformation:[-0.8322f,0.5341f,-0.149f,0.0f,-0.359f,-0.3141f,0.8789f,-3070.5625f,0.4226f,0.7849f,0.4532f,0.0f,0.0f,0.0f,0.0f,1.0f],start_interpolation:0,interpolation_duration:1}
