# This file was generated by Animated Java via MC-Build. It is not recommended to edit this file directly.
$data merge entity $(bone_head) {transformation:[-0.7936f,0.5965f,0.1198f,0.0f,-0.2138f,-0.4577f,0.863f,1.4375f,0.5696f,0.6593f,0.4908f,0.0f,0.0f,0.0f,0.0f,1.0f],start_interpolation:0,interpolation_duration:1}
$data merge entity $(bone_right_arm) {transformation:[-0.5356f,0.7769f,-0.3311f,-0.204f,-0.3719f,0.1351f,0.9184f,-1022.6555f,0.7582f,0.615f,0.2165f,0.1106f,0.0f,0.0f,0.0f,1.0f],start_interpolation:0,interpolation_duration:1}
$data merge entity $(bone_left_arm) {transformation:[-0.9335f,0.322f,-0.1579f,0.204f,-0.2741f,-0.3567f,0.8931f,-2046.4695f,0.2313f,0.877f,0.4212f,-0.1106f,0.0f,0.0f,0.0f,1.0f],start_interpolation:0,interpolation_duration:1}
$data merge entity $(bone_right_leg) {transformation:[-0.659f,0.7325f,0.1711f,-0.4934f,-0.3858f,-0.5244f,0.759f,-4094.3433f,0.6457f,0.4342f,0.6282f,-0.4436f,0.0f,0.0f,0.0f,1.0f],start_interpolation:0,interpolation_duration:1}
$data merge entity $(bone_left_leg) {transformation:[-0.8271f,0.5606f,-0.0397f,-0.2894f,-0.3048f,-0.3881f,0.8698f,-5118.2503f,0.4722f,0.7315f,0.4919f,-0.5541f,0.0f,0.0f,0.0f,1.0f],start_interpolation:0,interpolation_duration:1}
$data merge entity $(bone_torso) {transformation:[-0.8161f,0.5694f,-0.0989f,0.0f,-0.3719f,-0.3865f,0.844f,-3070.5625f,0.4423f,0.7256f,0.5272f,0.0f,0.0f,0.0f,0.0f,1.0f],start_interpolation:0,interpolation_duration:1}
