# This file was generated by Animated Java via MC-Build. It is not recommended to edit this file directly.
$data merge entity $(bone_head) {transformation:[-0.7616f,0.6146f,0.2055f,0.0f,-0.2266f,-0.5497f,0.8041f,1.4375f,0.6071f,0.5659f,0.5579f,0.0f,0.0f,0.0f,0.0f,1.0f],start_interpolation:0,interpolation_duration:1}
$data merge entity $(bone_right_arm) {transformation:[-0.542f,0.7609f,-0.3568f,-0.1999f,-0.4146f,0.1272f,0.9011f,-1022.6585f,0.731f,0.6363f,0.2465f,0.1154f,0.0f,0.0f,0.0f,1.0f],start_interpolation:0,interpolation_duration:1}
$data merge entity $(bone_left_arm) {transformation:[-0.9137f,0.3895f,-0.1155f,0.1999f,-0.2788f,-0.3942f,0.8757f,-2046.4665f,0.2956f,0.8324f,0.4688f,-0.1154f,0.0f,0.0f,0.0f,1.0f],start_interpolation:0,interpolation_duration:1}
$data merge entity $(bone_right_leg) {transformation:[-0.6167f,0.778f,0.1204f,-0.5118f,-0.4165f,-0.4522f,0.7887f,-4094.2981f,0.668f,0.4363f,0.6028f,-0.3955f,0.0f,0.0f,0.0f,1.0f],start_interpolation:0,interpolation_duration:1}
$data merge entity $(bone_left_leg) {transformation:[-0.7748f,0.6257f,-0.0908f,-0.312f,-0.3896f,-0.3594f,0.848f,-5118.202f,0.4979f,0.6924f,0.5222f,-0.5109f,0.0f,0.0f,0.0f,1.0f],start_interpolation:0,interpolation_duration:1}
$data merge entity $(bone_torso) {transformation:[-0.7995f,0.5991f,-0.0434f,0.0f,-0.3842f,-0.4545f,0.8036f,-3070.5625f,0.4617f,0.6592f,0.5935f,0.0f,0.0f,0.0f,0.0f,1.0f],start_interpolation:0,interpolation_duration:1}
