# This file was generated by Animated Java via MC-Build. It is not recommended to edit this file directly.
$data merge entity $(bone_head) {transformation:[-0.705f,0.5929f,0.3891f,0.0f,-0.3506f,-0.7683f,0.5355f,1.4375f,0.6165f,0.2411f,0.7495f,0.0f,0.0f,0.0f,0.0f,1.0f],start_interpolation:0,interpolation_duration:1}
$data merge entity $(bone_right_arm) {transformation:[-0.6555f,0.7254f,-0.2101f,-0.1866f,-0.4953f,-0.2029f,0.8447f,-1022.6667f,0.5701f,0.6577f,0.4923f,0.1297f,0.0f,0.0f,0.0f,1.0f],start_interpolation:0,interpolation_duration:1}
$data merge entity $(bone_left_arm) {transformation:[-0.8338f,0.55f,-0.0469f,0.1866f,-0.3205f,-0.4131f,0.8524f,-2046.4583f,0.4495f,0.7258f,0.5207f,-0.1297f,0.0f,0.0f,0.0f,1.0f],start_interpolation:0,interpolation_duration:1}
$data merge entity $(bone_right_leg) {transformation:[-0.4907f,0.8696f,-0.0545f,-0.5392f,-0.5161f,-0.2397f,0.8223f,-4094.1816f,0.7021f,0.4316f,0.5664f,-0.229f,0.0f,0.0f,0.0f,1.0f],start_interpolation:0,interpolation_duration:1}
$data merge entity $(bone_left_leg) {transformation:[-0.6757f,0.7246f,-0.1357f,-0.3526f,-0.5557f,-0.3796f,0.7397f,-5118.0774f,0.4845f,0.5752f,0.6591f,-0.3587f,0.0f,0.0f,0.0f,1.0f],start_interpolation:0,interpolation_duration:1}
$data merge entity $(bone_torso) {transformation:[-0.7465f,0.6486f,0.1486f,0.0f,-0.4166f,-0.6298f,0.6556f,-3070.5625f,0.5188f,0.4275f,0.7404f,0.0f,0.0f,0.0f,0.0f,1.0f],start_interpolation:0,interpolation_duration:1}
