# This file was generated by Animated Java via MC-Build. It is not recommended to edit this file directly.
$data merge entity $(bone_head) {transformation:[-0.6799f,0.6064f,0.4124f,0.0f,-0.4093f,-0.7804f,0.4728f,1.4375f,0.6085f,0.1526f,0.7787f,0.0f,0.0f,0.0f,0.0f,1.0f],start_interpolation:0,interpolation_duration:1}
$data merge entity $(bone_right_arm) {transformation:[-0.636f,0.753f,0.1687f,-0.1772f,-0.5172f,-0.5782f,0.631f,-1022.6711f,0.5727f,0.314f,0.7572f,0.1389f,0.0f,0.0f,0.0f,1.0f],start_interpolation:0,interpolation_duration:1}
$data merge entity $(bone_left_arm) {transformation:[-0.7815f,0.6223f,0.0452f,0.1772f,-0.343f,-0.489f,0.802f,-2046.4539f,0.5212f,0.6113f,0.5956f,-0.1389f,0.0f,0.0f,0.0f,1.0f],start_interpolation:0,interpolation_duration:1}
$data merge entity $(bone_right_leg) {transformation:[-0.4574f,0.8844f,-0.0925f,-0.5309f,-0.5779f,-0.2166f,0.7868f,-4094.121f,0.6759f,0.4134f,0.6102f,-0.1072f,0.0f,0.0f,0.0f,1.0f],start_interpolation:0,interpolation_duration:1}
$data merge entity $(bone_left_leg) {transformation:[-0.708f,0.6999f,0.0943f,-0.3537f,-0.5026f,-0.5931f,0.629f,-5118.0124f,0.4962f,0.3979f,0.7717f,-0.2461f,0.0f,0.0f,0.0f,1.0f],start_interpolation:0,interpolation_duration:1}
$data merge entity $(bone_torso) {transformation:[-0.7089f,0.6433f,0.2891f,0.0f,-0.4344f,-0.7212f,0.5396f,-3070.5625f,0.5556f,0.2569f,0.7908f,0.0f,0.0f,0.0f,0.0f,1.0f],start_interpolation:0,interpolation_duration:1}
