# This file was generated by Animated Java via MC-Build. It is not recommended to edit this file directly.
$data merge entity $(bone_head) {transformation:[-0.653f,0.6728f,0.3478f,0.0f,-0.4419f,-0.7114f,0.5465f,1.4375f,0.6151f,0.2032f,0.7618f,0.0f,0.0f,0.0f,0.0f,1.0f],start_interpolation:0,interpolation_duration:1}
$data merge entity $(bone_right_arm) {transformation:[-0.5891f,0.5663f,0.5764f,-0.1675f,-0.5463f,-0.8048f,0.2323f,-1022.6748f,0.5954f,-0.178f,0.7834f,0.1478f,0.0f,0.0f,0.0f,1.0f],start_interpolation:0,interpolation_duration:1}
$data merge entity $(bone_left_arm) {transformation:[-0.7414f,0.638f,0.208f,0.1675f,-0.3442f,-0.6277f,0.6983f,-2046.4502f,0.5761f,0.4461f,0.685f,-0.1478f,0.0f,0.0f,0.0f,1.0f],start_interpolation:0,interpolation_duration:1}
$data merge entity $(bone_right_leg) {transformation:[-0.4994f,0.8663f,0.0106f,-0.4997f,-0.6061f,-0.3581f,0.7102f,-4094.0743f,0.619f,0.3482f,0.7039f,0.016f,0.0f,0.0f,0.0f,1.0f],start_interpolation:0,interpolation_duration:1}
$data merge entity $(bone_left_leg) {transformation:[-0.7411f,0.5375f,0.4024f,-0.3323f,-0.3677f,-0.8263f,0.4267f,-5117.9621f,0.5618f,0.1683f,0.81f,-0.1319f,0.0f,0.0f,0.0f,1.0f],start_interpolation:0,interpolation_duration:1}
$data merge entity $(bone_torso) {transformation:[-0.6699f,0.6051f,0.4303f,0.0f,-0.449f,-0.7917f,0.4143f,-3070.5625f,0.5913f,0.0843f,0.802f,0.0f,0.0f,0.0f,0.0f,1.0f],start_interpolation:0,interpolation_duration:1}
