# This file was generated by Animated Java via MC-Build. It is not recommended to edit this file directly.
$data merge entity $(bone_head) {transformation:[-0.6499f,0.6679f,0.3627f,0.0f,-0.455f,-0.7242f,0.5182f,1.4375f,0.6088f,0.1717f,0.7745f,0.0f,0.0f,0.0f,0.0f,1.0f],start_interpolation:0,interpolation_duration:1}
$data merge entity $(bone_right_arm) {transformation:[-0.5695f,0.4733f,0.6721f,-0.1625f,-0.5581f,-0.8229f,0.1067f,-1022.6763f,0.6036f,-0.3143f,0.7327f,0.1522f,0.0f,0.0f,0.0f,1.0f],start_interpolation:0,interpolation_duration:1}
$data merge entity $(bone_left_arm) {transformation:[-0.7192f,0.6114f,0.3301f,0.1625f,-0.3442f,-0.7262f,0.5951f,-2046.4487f,0.6036f,0.3143f,0.7327f,-0.1522f,0.0f,0.0f,0.0f,1.0f],start_interpolation:0,interpolation_duration:1}
$data merge entity $(bone_right_leg) {transformation:[-0.5404f,0.8363f,0.093f,-0.4756f,-0.5904f,-0.4556f,0.6662f,-4094.0562f,0.5995f,0.3051f,0.7399f,0.0761f,0.0f,0.0f,0.0f,1.0f],start_interpolation:0,interpolation_duration:1}
$data merge entity $(bone_left_leg) {transformation:[-0.7396f,0.4298f,0.5179f,-0.3131f,-0.3059f,-0.9001f,0.3102f,-5117.9425f,0.5995f,0.071f,0.7972f,-0.0761f,0.0f,0.0f,0.0f,1.0f],start_interpolation:0,interpolation_duration:1}
$data merge entity $(bone_torso) {transformation:[-0.6499f,0.5736f,0.4987f,0.0f,-0.455f,-0.8192f,0.3492f,-3070.5625f,0.6088f,0.0f,0.7934f,0.0f,0.0f,0.0f,0.0f,1.0f],start_interpolation:0,interpolation_duration:1}
