# This file was generated by Animated Java via MC-Build. It is not recommended to edit this file directly.
$data merge entity $(bone_head) {transformation:[-0.6986f,0.579f,0.4203f,0.0f,-0.4506f,-0.8124f,0.3701f,1.4375f,0.5558f,0.0691f,0.8285f,0.0f,0.0f,0.0f,0.0f,1.0f],start_interpolation:0,interpolation_duration:1}
$data merge entity $(bone_right_arm) {transformation:[-0.6013f,0.4304f,0.6732f,-0.1675f,-0.5554f,-0.8309f,0.0352f,-1022.6748f,0.5745f,-0.3527f,0.7386f,0.1478f,0.0f,0.0f,0.0f,1.0f],start_interpolation:0,interpolation_duration:1}
$data merge entity $(bone_left_arm) {transformation:[-0.7293f,0.5273f,0.4359f,0.1675f,-0.3336f,-0.8304f,0.4463f,-2046.4502f,0.5973f,0.1801f,0.7815f,-0.1478f,0.0f,0.0f,0.0f,1.0f],start_interpolation:0,interpolation_duration:1}
$data merge entity $(bone_right_leg) {transformation:[-0.6118f,0.7719f,0.1727f,-0.4291f,-0.5574f,-0.5756f,0.5983f,-4094.027f,0.5613f,0.2698f,0.7824f,0.1319f,0.0f,0.0f,0.0f,1.0f],start_interpolation:0,interpolation_duration:1}
$data merge entity $(bone_left_leg) {transformation:[-0.7662f,0.2731f,0.5817f,-0.2617f,-0.2308f,-0.9618f,0.1476f,-5117.9148f,0.5998f,-0.0212f,0.7999f,-0.016f,0.0f,0.0f,0.0f,1.0f],start_interpolation:0,interpolation_duration:1}
$data merge entity $(bone_torso) {transformation:[-0.6699f,0.5024f,0.5467f,0.0f,-0.449f,-0.8605f,0.2406f,-3070.5625f,0.5913f,-0.0843f,0.802f,0.0f,0.0f,0.0f,0.0f,1.0f],start_interpolation:0,interpolation_duration:1}
