# This file was generated by Animated Java via MC-Build. It is not recommended to edit this file directly.
$data merge entity $(bone_head) {transformation:[-0.8136f,0.3027f,0.4964f,0.0f,-0.3967f,-0.9132f,-0.0933f,1.4375f,0.425f,-0.2728f,0.8631f,0.0f,0.0f,0.0f,0.0f,1.0f],start_interpolation:0,interpolation_duration:1}
$data merge entity $(bone_right_arm) {transformation:[-0.6698f,0.4714f,0.5737f,-0.1772f,-0.534f,-0.8427f,0.0688f,-1022.6711f,0.5159f,-0.2603f,0.8162f,0.1389f,0.0f,0.0f,0.0f,1.0f],start_interpolation:0,interpolation_duration:1}
$data merge entity $(bone_left_arm) {transformation:[-0.7467f,0.2701f,0.6078f,0.1772f,-0.3186f,-0.9474f,0.0296f,-2046.4539f,0.5839f,-0.1715f,0.7935f,-0.1389f,0.0f,0.0f,0.0f,1.0f],start_interpolation:0,interpolation_duration:1}
$data merge entity $(bone_right_leg) {transformation:[-0.7518f,0.5739f,0.3246f,-0.3296f,-0.4201f,-0.7964f,0.4351f,-4093.9976f,0.5082f,0.1908f,0.8398f,0.2461f,0.0f,0.0f,0.0f,1.0f],start_interpolation:0,interpolation_duration:1}
$data merge entity $(bone_left_leg) {transformation:[-0.786f,-0.0622f,0.6151f,-0.1524f,-0.0704f,-0.9795f,-0.1889f,-5117.889f,0.6143f,-0.1918f,0.7655f,0.1072f,0.0f,0.0f,0.0f,1.0f],start_interpolation:0,interpolation_duration:1}
$data merge entity $(bone_torso) {transformation:[-0.7089f,0.3505f,0.612f,0.0f,-0.4344f,-0.9006f,0.0126f,-3070.5625f,0.5556f,-0.2569f,0.7908f,0.0f,0.0f,0.0f,0.0f,1.0f],start_interpolation:0,interpolation_duration:1}
