# This file was generated by Animated Java via MC-Build. It is not recommended to edit this file directly.
$data merge entity $(bone_head) {transformation:[-0.8724f,0.0533f,0.4859f,0.0f,-0.3194f,-0.8146f,-0.4841f,1.4375f,0.3701f,-0.5776f,0.7276f,0.0f,0.0f,0.0f,0.0f,1.0f],start_interpolation:0,interpolation_duration:1}
$data merge entity $(bone_right_arm) {transformation:[-0.7242f,0.5069f,0.4675f,-0.1866f,-0.5135f,-0.8489f,0.1251f,-1022.6667f,0.4603f,-0.1494f,0.8751f,0.1297f,0.0f,0.0f,0.0f,1.0f],start_interpolation:0,interpolation_duration:1}
$data merge entity $(bone_left_arm) {transformation:[-0.7639f,-0.0411f,0.644f,0.1866f,-0.307f,-0.8547f,-0.4187f,-2046.4583f,0.5676f,-0.5175f,0.6403f,-0.1297f,0.0f,0.0f,0.0f,1.0f],start_interpolation:0,interpolation_duration:1}
$data merge entity $(bone_right_leg) {transformation:[-0.8283f,0.3265f,0.4554f,-0.2278f,-0.2548f,-0.9433f,0.2128f,-4094.0078f,0.499f,0.0602f,0.8645f,0.3587f,0.0f,0.0f,0.0f,1.0f],start_interpolation:0,interpolation_duration:1}
$data merge entity $(bone_left_leg) {transformation:[-0.752f,-0.2734f,0.5998f,-0.0411f,-0.0073f,-0.9064f,-0.4223f,-5117.9036f,0.6591f,-0.322f,0.6797f,0.229f,0.0f,0.0f,0.0f,1.0f],start_interpolation:0,interpolation_duration:1}
$data merge entity $(bone_torso) {transformation:[-0.7465f,0.1956f,0.636f,0.0f,-0.4166f,-0.8826f,-0.2176f,-3070.5625f,0.5188f,-0.4275f,0.7404f,0.0f,0.0f,0.0f,0.0f,1.0f],start_interpolation:0,interpolation_duration:1}
