# This file was generated by Animated Java via MC-Build. It is not recommended to edit this file directly.
$data merge entity $(bone_head) {transformation:[-0.8698f,-0.0291f,0.4925f,0.0f,-0.3068f,-0.7499f,-0.5861f,1.4375f,0.3864f,-0.6609f,0.6433f,0.0f,0.0f,0.0f,0.0f,1.0f],start_interpolation:0,interpolation_duration:1}
$data merge entity $(bone_right_arm) {transformation:[-0.7424f,0.4867f,0.4604f,-0.1912f,-0.5143f,-0.8544f,0.0738f,-1022.6641f,0.4293f,-0.182f,0.8846f,0.125f,0.0f,0.0f,0.0f,1.0f],start_interpolation:0,interpolation_duration:1}
$data merge entity $(bone_left_arm) {transformation:[-0.7728f,-0.1788f,0.6089f,0.1912f,-0.3004f,-0.742f,-0.5993f,-2046.4609f,0.559f,-0.6461f,0.5198f,-0.125f,0.0f,0.0f,0.0f,1.0f],start_interpolation:0,interpolation_duration:1}
$data merge entity $(bone_right_leg) {transformation:[-0.8394f,0.2046f,0.5034f,-0.1783f,-0.1959f,-0.9781f,0.0708f,-4094.0274f,0.5069f,-0.0392f,0.8611f,0.4125f,0.0f,0.0f,0.0f,1.0f],start_interpolation:0,interpolation_duration:1}
$data merge entity $(bone_left_leg) {transformation:[-0.7359f,-0.2907f,0.6115f,0.0129f,-0.0474f,-0.8788f,-0.4749f,-5117.9257f,0.6754f,-0.3785f,0.6329f,0.2875f,0.0f,0.0f,0.0f,1.0f],start_interpolation:0,interpolation_duration:1}
$data merge entity $(bone_torso) {transformation:[-0.7647f,0.1203f,0.6331f,0.0f,-0.4066f,-0.8523f,-0.3291f,-3070.5625f,0.5f,-0.509f,0.7006f,0.0f,0.0f,0.0f,0.0f,1.0f],start_interpolation:0,interpolation_duration:1}
