# This file was generated by Animated Java via MC-Build. It is not recommended to edit this file directly.
$data merge entity $(bone_head) {transformation:[-0.8235f,-0.1592f,0.5445f,0.0f,-0.3545f,-0.6048f,-0.7131f,1.4375f,0.4428f,-0.7803f,0.4417f,0.0f,0.0f,0.0f,0.0f,1.0f],start_interpolation:0,interpolation_duration:1}
$data merge entity $(bone_right_arm) {transformation:[-0.7234f,0.3715f,0.5819f,-0.1999f,-0.615f,-0.7298f,-0.2986f,-1022.6585f,0.3138f,-0.5739f,0.7564f,0.1154f,0.0f,0.0f,0.0f,1.0f],start_interpolation:0,interpolation_duration:1}
$data merge entity $(bone_left_arm) {transformation:[-0.7901f,-0.3658f,0.4919f,0.1999f,-0.2828f,-0.4944f,-0.8219f,-2046.4665f,0.5438f,-0.7885f,0.2872f,-0.1154f,0.0f,0.0f,0.0f,1.0f],start_interpolation:0,interpolation_duration:1}
$data merge entity $(bone_right_leg) {transformation:[-0.8358f,-0.0225f,0.5485f,-0.0866f,-0.2187f,-0.9028f,-0.3703f,-4094.0937f,0.5035f,-0.4295f,0.7497f,0.5109f,0.0f,0.0f,0.0f,1.0f],start_interpolation:0,interpolation_duration:1}
$data merge entity $(bone_left_leg) {transformation:[-0.7367f,-0.1799f,0.6518f,0.1133f,-0.217f,-0.8501f,-0.4799f,-5117.9977f,0.6404f,-0.495f,0.5872f,0.3955f,0.0f,0.0f,0.0f,1.0f],start_interpolation:0,interpolation_duration:1}
$data merge entity $(bone_torso) {transformation:[-0.7995f,-0.0195f,0.6004f,0.0f,-0.3842f,-0.7517f,-0.536f,-3070.5625f,0.4617f,-0.6592f,0.5935f,0.0f,0.0f,0.0f,0.0f,1.0f],start_interpolation:0,interpolation_duration:1}
