# This file was generated by Animated Java via MC-Build. It is not recommended to edit this file directly.
$data merge entity $(bone_head) {transformation:[-0.7924f,-0.2045f,0.5748f,0.0f,-0.4041f,-0.5299f,-0.7456f,1.4375f,0.457f,-0.823f,0.3372f,0.0f,0.0f,0.0f,0.0f,1.0f],start_interpolation:0,interpolation_duration:1}
$data merge entity $(bone_right_arm) {transformation:[-0.7164f,0.2657f,0.6451f,-0.204f,-0.66f,-0.5578f,-0.5032f,-1022.6555f,0.2261f,-0.7863f,0.575f,0.1106f,0.0f,0.0f,0.0f,1.0f],start_interpolation:0,interpolation_duration:1}
$data merge entity $(bone_left_arm) {transformation:[-0.796f,-0.4075f,0.4477f,0.204f,-0.2668f,-0.4277f,-0.8636f,-2046.4695f,0.5434f,-0.8069f,0.2317f,-0.1106f,0.0f,0.0f,0.0f,1.0f],start_interpolation:0,interpolation_duration:1}
$data merge entity $(bone_right_leg) {transformation:[-0.8328f,-0.116f,0.5413f,-0.0457f,-0.3287f,-0.6831f,-0.6521f,-4094.1393f,0.4455f,-0.721f,0.5307f,0.5541f,0.0f,0.0f,0.0f,1.0f],start_interpolation:0,interpolation_duration:1}
$data merge entity $(bone_left_leg) {transformation:[-0.7477f,-0.105f,0.6557f,0.1583f,-0.3035f,-0.8242f,-0.4781f,-5118.0463f,0.5907f,-0.5565f,0.5844f,0.4436f,0.0f,0.0f,0.0f,1.0f],start_interpolation:0,interpolation_duration:1}
$data merge entity $(bone_torso) {transformation:[-0.8161f,-0.0819f,0.5721f,0.0f,-0.3719f,-0.6832f,-0.6284f,-3070.5625f,0.4423f,-0.7256f,0.5272f,0.0f,0.0f,0.0f,0.0f,1.0f],start_interpolation:0,interpolation_duration:1}
