# This file was generated by Animated Java via MC-Build. It is not recommended to edit this file directly.
$data merge entity $(bone_head) {transformation:[-0.9438f,-0.0137f,-0.3303f,0.0f,-0.2062f,0.8054f,0.5557f,1.4375f,0.2584f,0.5926f,-0.763f,0.0f,0.0f,0.0f,0.0f,1.0f],start_interpolation:0,interpolation_duration:1}
$data merge entity $(bone_right_arm) {transformation:[-0.9899f,0.023f,-0.14f,-0.2482f,0.0193f,0.9994f,0.0279f,-1022.5828f,0.1406f,0.0249f,-0.9898f,0.0218f,0.0f,0.0f,0.0f,1.0f],start_interpolation:0,interpolation_duration:1}
$data merge entity $(bone_left_arm) {transformation:[-0.9809f,-0.1375f,-0.1374f,0.2482f,-0.191f,0.8133f,0.5497f,-2046.5422f,0.0362f,0.5654f,-0.824f,-0.0218f,0.0f,0.0f,0.0f,1.0f],start_interpolation:0,interpolation_duration:1}
$data merge entity $(bone_right_leg) {transformation:[-0.9635f,-0.2469f,-0.1031f,-0.0973f,-0.2388f,0.9673f,-0.0852f,-4095.2006f,0.1207f,-0.0575f,-0.991f,-0.2677f,0.0f,0.0f,0.0f,1.0f],start_interpolation:0,interpolation_duration:1}
$data merge entity $(bone_left_leg) {transformation:[-0.8847f,-0.4221f,-0.1978f,0.1509f,-0.4548f,0.6882f,0.5653f,-5119.1803f,-0.1024f,0.5901f,-0.8008f,-0.2895f,0.0f,0.0f,0.0f,1.0f],start_interpolation:0,interpolation_duration:1}
$data merge entity $(bone_torso) {transformation:[-0.9929f,-0.039f,-0.1124f,0.0f,-0.081f,0.9134f,0.3989f,-3070.5625f,0.0872f,0.4052f,-0.9101f,0.0f,0.0f,0.0f,0.0f,1.0f],start_interpolation:0,interpolation_duration:1}
