# This file was generated by Animated Java via MC-Build. It is not recommended to edit this file directly.
$data merge entity $(bone_head) {transformation:[-0.7519f,-0.2573f,0.607f,0.0f,-0.5005f,-0.3766f,-0.7795f,1.4375f,0.4292f,-0.8899f,0.1544f,0.0f,0.0f,0.0f,0.0f,1.0f],start_interpolation:0,interpolation_duration:1}
$data merge entity $(bone_right_arm) {transformation:[-0.786f,0.076f,0.6135f,-0.2119f,-0.6123f,-0.2328f,-0.7556f,-1022.6488f,0.0854f,-0.9696f,0.2295f,0.1007f,0.0f,0.0f,0.0f,1.0f],start_interpolation:0,interpolation_duration:1}
$data merge entity $(bone_left_arm) {transformation:[-0.7967f,-0.4107f,0.4433f,0.2119f,-0.2342f,-0.4665f,-0.853f,-2046.4762f,0.5571f,-0.7834f,0.2755f,-0.1007f,0.0f,0.0f,0.0f,1.0f],start_interpolation:0,interpolation_duration:1}
$data merge entity $(bone_right_leg) {transformation:[-0.8289f,-0.1749f,0.5313f,0.0228f,-0.5126f,-0.1426f,-0.8467f,-4094.2513f,0.2238f,-0.9742f,0.0286f,0.6252f,0.0f,0.0f,0.0f,1.0f],start_interpolation:0,interpolation_duration:1}
$data merge entity $(bone_left_leg) {transformation:[-0.7658f,-0.0625f,0.64f,0.2347f,-0.4104f,-0.7187f,-0.5613f,-5118.1649f,0.4951f,-0.6925f,0.5247f,0.5245f,0.0f,0.0f,0.0f,1.0f],start_interpolation:0,interpolation_duration:1}
$data merge entity $(bone_torso) {transformation:[-0.8477f,-0.1873f,0.4964f,0.0f,-0.3453f,-0.5155f,-0.7842f,-3070.5625f,0.4027f,-0.8362f,0.3723f,0.0f,0.0f,0.0f,0.0f,1.0f],start_interpolation:0,interpolation_duration:1}
