# This file was generated by Animated Java via MC-Build. It is not recommended to edit this file directly.
$data merge entity $(bone_head) {transformation:[-0.8035f,-0.2348f,0.547f,0.0f,-0.4778f,-0.2938f,-0.8279f,1.4375f,0.3551f,-0.9266f,0.1239f,0.0f,0.0f,0.0f,0.0f,1.0f],start_interpolation:0,interpolation_duration:1}
$data merge entity $(bone_right_arm) {transformation:[-0.8961f,-0.0721f,0.4379f,-0.2192f,-0.4431f,0.09f,-0.892f,-1022.6416f,0.0249f,-0.9933f,-0.1126f,0.0906f,0.0f,0.0f,0.0f,1.0f],start_interpolation:0,interpolation_duration:1}
$data merge entity $(bone_left_arm) {transformation:[-0.7861f,-0.4256f,0.4483f,0.2192f,-0.2088f,-0.4997f,-0.8406f,-2046.4834f,0.5818f,-0.7544f,0.3039f,-0.0906f,0.0f,0.0f,0.0f,1.0f],start_interpolation:0,interpolation_duration:1}
$data merge entity $(bone_right_leg) {transformation:[-0.8268f,0.0799f,0.5568f,0.0712f,-0.5615f,-0.0602f,-0.8253f,-4094.3849f,-0.0325f,-0.995f,0.0946f,0.6721f,0.0f,0.0f,0.0f,1.0f],start_interpolation:0,interpolation_duration:1}
$data merge entity $(bone_left_leg) {transformation:[-0.7325f,-0.2725f,0.6238f,0.2904f,-0.4623f,-0.4735f,-0.7497f,-5118.3058f,0.4997f,-0.8376f,0.2209f,0.5814f,0.0f,0.0f,0.0f,1.0f],start_interpolation:0,interpolation_duration:1}
$data merge entity $(bone_torso) {transformation:[-0.8767f,-0.2629f,0.4028f,0.0f,-0.3162f,-0.3159f,-0.8946f,-3070.5625f,0.3624f,-0.9116f,0.1938f,0.0f,0.0f,0.0f,0.0f,1.0f],start_interpolation:0,interpolation_duration:1}
