# This file was generated by Animated Java via MC-Build. It is not recommended to edit this file directly.
$data merge entity $(bone_head) {transformation:[-0.8703f,-0.2153f,0.443f,0.0f,-0.3618f,-0.3309f,-0.8716f,1.4375f,0.3342f,-0.9188f,0.2101f,0.0f,0.0f,0.0f,0.0f,1.0f],start_interpolation:0,interpolation_duration:1}
$data merge entity $(bone_right_arm) {transformation:[-0.9374f,-0.11f,0.3305f,-0.2226f,-0.3478f,0.2436f,-0.9054f,-1022.6377f,0.0191f,-0.9636f,-0.2666f,0.0855f,0.0f,0.0f,0.0f,1.0f],start_interpolation:0,interpolation_duration:1}
$data merge entity $(bone_left_arm) {transformation:[-0.7744f,-0.4689f,0.4247f,0.2226f,-0.1945f,-0.4624f,-0.8651f,-2046.4873f,0.602f,-0.7526f,0.2669f,-0.0855f,0.0f,0.0f,0.0f,1.0f],start_interpolation:0,interpolation_duration:1}
$data merge entity $(bone_right_leg) {transformation:[-0.8274f,0.2321f,0.5114f,0.0873f,-0.5411f,-0.0856f,-0.8366f,-4094.4572f,-0.1504f,-0.9689f,0.1964f,0.6853f,0.0f,0.0f,0.0f,1.0f],start_interpolation:0,interpolation_duration:1}
$data merge entity $(bone_left_leg) {transformation:[-0.697f,-0.4256f,0.5771f,0.3098f,-0.4981f,-0.2917f,-0.8166f,-5118.382f,0.5159f,-0.8566f,-0.0087f,0.5997f,0.0f,0.0f,0.0f,1.0f],start_interpolation:0,interpolation_duration:1}
$data merge entity $(bone_torso) {transformation:[-0.8903f,-0.2888f,0.3522f,0.0f,-0.3008f,-0.2079f,-0.9308f,-3070.5625f,0.342f,-0.9345f,0.0982f,0.0f,0.0f,0.0f,0.0f,1.0f],start_interpolation:0,interpolation_duration:1}
