# This file was generated by Animated Java via MC-Build. It is not recommended to edit this file directly.
$data merge entity $(bone_head) {transformation:[-0.9379f,-0.2658f,0.2231f,0.0f,-0.2988f,0.2918f,-0.9086f,1.4375f,0.1764f,-0.9188f,-0.353f,0.0f,0.0f,0.0f,0.0f,1.0f],start_interpolation:0,interpolation_duration:1}
$data merge entity $(bone_right_arm) {transformation:[-0.9875f,0.0468f,0.1502f,-0.2368f,-0.1155f,0.4331f,-0.8939f,-1022.6164f,-0.1069f,-0.9001f,-0.4223f,0.0594f,0.0f,0.0f,0.0f,1.0f],start_interpolation:0,interpolation_duration:1}
$data merge entity $(bone_left_arm) {transformation:[-0.7345f,-0.6438f,0.2146f,0.2368f,-0.2585f,-0.027f,-0.9656f,-2046.5086f,0.6274f,-0.7647f,-0.1466f,-0.0594f,0.0f,0.0f,0.0f,1.0f],start_interpolation:0,interpolation_duration:1}
$data merge entity $(bone_right_leg) {transformation:[-0.9807f,-0.1588f,0.1145f,0.0893f,-0.1957f,0.8097f,-0.5532f,-4094.829f,-0.0048f,-0.5649f,-0.8252f,0.6398f,0.0f,0.0f,0.0f,1.0f],start_interpolation:0,interpolation_duration:1}
$data merge entity $(bone_left_leg) {transformation:[-0.7951f,-0.5617f,0.2287f,0.326f,-0.5271f,0.4534f,-0.7187f,-5118.775f,0.3f,-0.692f,-0.6566f,0.5804f,0.0f,0.0f,0.0f,1.0f],start_interpolation:0,interpolation_duration:1}
$data merge entity $(bone_torso) {transformation:[-0.9471f,-0.3021f,0.1087f,0.0f,-0.2158f,0.3483f,-0.9122f,-3070.5625f,0.2377f,-0.8874f,-0.3951f,0.0f,0.0f,0.0f,0.0f,1.0f],start_interpolation:0,interpolation_duration:1}
