# This file was generated by Animated Java via MC-Build. It is not recommended to edit this file directly.
$data merge entity $(bone_head) {transformation:[-0.9449f,0.0043f,-0.3274f,0.0f,-0.2212f,0.7287f,0.6481f,1.4375f,0.2413f,0.6848f,-0.6876f,0.0f,0.0f,0.0f,0.0f,1.0f],start_interpolation:0,interpolation_duration:1}
$data merge entity $(bone_right_arm) {transformation:[-0.9849f,0.0179f,-0.1724f,-0.2472f,0.013f,0.9995f,0.0297f,-1022.5878f,0.1728f,0.027f,-0.9846f,0.0272f,0.0f,0.0f,0.0f,1.0f],start_interpolation:0,interpolation_duration:1}
$data merge entity $(bone_left_arm) {transformation:[-0.9777f,-0.1041f,-0.1824f,0.2472f,-0.2047f,0.6659f,0.7174f,-2046.5372f,0.0468f,0.7388f,-0.6723f,-0.0272f,0.0f,0.0f,0.0f,1.0f],start_interpolation:0,interpolation_duration:1}
$data merge entity $(bone_right_leg) {transformation:[-0.943f,-0.3061f,-0.1309f,-0.1003f,-0.3147f,0.9479f,0.0501f,-4095.1712f,0.1088f,0.0885f,-0.9901f,-0.3281f,0.0f,0.0f,0.0f,1.0f],start_interpolation:0,interpolation_duration:1}
$data merge entity $(bone_left_leg) {transformation:[-0.8996f,-0.3936f,-0.1895f,0.1469f,-0.4216f,0.6686f,0.6126f,-5119.146f,-0.1144f,0.6309f,-0.7674f,-0.3553f,0.0f,0.0f,0.0f,1.0f],start_interpolation:0,interpolation_duration:1}
$data merge entity $(bone_torso) {transformation:[-0.9889f,-0.0339f,-0.1446f,0.0f,-0.101f,0.8671f,0.4878f,-3070.5625f,0.1089f,0.497f,-0.8609f,0.0f,0.0f,0.0f,0.0f,1.0f],start_interpolation:0,interpolation_duration:1}
