# This file was generated by Animated Java via MC-Build. It is not recommended to edit this file directly.
$data merge entity $(bone_head) {transformation:[-0.9532f,-0.2342f,0.191f,0.0f,-0.2958f,0.5938f,-0.7482f,1.4375f,0.0618f,-0.7697f,-0.6354f,0.0f,0.0f,0.0f,0.0f,1.0f],start_interpolation:0,interpolation_duration:1}
$data merge entity $(bone_right_arm) {transformation:[-0.9781f,0.1758f,0.1118f,-0.2411f,-0.0475f,0.3347f,-0.9411f,-1022.6072f,-0.2029f,-0.9258f,-0.319f,0.0488f,0.0f,0.0f,0.0f,1.0f],start_interpolation:0,interpolation_duration:1}
$data merge entity $(bone_left_arm) {transformation:[-0.8358f,-0.5427f,0.0836f,0.2411f,-0.3096f,0.3399f,-0.8881f,-2046.5178f,0.4535f,-0.7681f,-0.452f,-0.0488f,0.0f,0.0f,0.0f,1.0f],start_interpolation:0,interpolation_duration:1}
$data merge entity $(bone_right_leg) {transformation:[-0.9936f,-0.0747f,0.0848f,0.0598f,-0.1074f,0.8572f,-0.5036f,-4094.9624f,-0.035f,-0.5095f,-0.8597f,0.5699f,0.0f,0.0f,0.0f,1.0f],start_interpolation:0,interpolation_duration:1}
$data merge entity $(bone_left_leg) {transformation:[-0.9351f,-0.329f,0.1316f,0.3009f,-0.3123f,0.5899f,-0.7447f,-5118.9177f,0.1674f,-0.7375f,-0.6543f,0.5211f,0.0f,0.0f,0.0f,1.0f],start_interpolation:0,interpolation_duration:1}
$data merge entity $(bone_torso) {transformation:[-0.9644f,-0.2623f,0.0347f,0.0f,-0.1787f,0.5492f,-0.8164f,-3070.5625f,0.1951f,-0.7935f,-0.5765f,0.0f,0.0f,0.0f,0.0f,1.0f],start_interpolation:0,interpolation_duration:1}
