# This file was generated by Animated Java via MC-Build. It is not recommended to edit this file directly.
$data merge entity $(bone_head) {transformation:[-0.9684f,-0.1838f,0.1688f,0.0f,-0.2466f,0.8072f,-0.5362f,1.4375f,-0.0377f,-0.5609f,-0.827f,0.0f,0.0f,0.0f,0.0f,1.0f],start_interpolation:0,interpolation_duration:1}
$data merge entity $(bone_right_arm) {transformation:[-0.9834f,0.1793f,0.0284f,-0.2446f,0.0344f,0.3374f,-0.9407f,-1022.5976f,-0.1782f,-0.9241f,-0.338f,0.038f,0.0f,0.0f,0.0f,1.0f],start_interpolation:0,interpolation_duration:1}
$data merge entity $(bone_left_arm) {transformation:[-0.9062f,-0.4206f,0.043f,0.2446f,-0.2936f,0.5529f,-0.7798f,-2046.5274f,0.3042f,-0.7193f,-0.6246f,-0.038f,0.0f,0.0f,0.0f,1.0f],start_interpolation:0,interpolation_duration:1}
$data merge entity $(bone_right_leg) {transformation:[-0.9958f,0.0459f,0.0787f,0.0196f,-0.0075f,0.8201f,-0.5722f,-4095.0758f,-0.0908f,-0.5704f,-0.8164f,0.4737f,0.0f,0.0f,0.0f,1.0f],start_interpolation:0,interpolation_duration:1}
$data merge entity $(bone_left_leg) {transformation:[-0.9861f,-0.1653f,0.0148f,0.2641f,-0.1215f,0.6588f,-0.7425f,-5119.0407f,0.113f,-0.734f,-0.6697f,0.4357f,0.0f,0.0f,0.0f,1.0f],start_interpolation:0,interpolation_duration:1}
$data merge entity $(bone_torso) {transformation:[-0.9783f,-0.2063f,-0.0169f,0.0f,-0.1404f,0.7211f,-0.6784f,-3070.5625f,0.1521f,-0.6613f,-0.7345f,0.0f,0.0f,0.0f,0.0f,1.0f],start_interpolation:0,interpolation_duration:1}
