# This file was generated by Animated Java via MC-Build. It is not recommended to edit this file directly.
$data merge entity $(bone_head) {transformation:[-0.9868f,-0.13f,0.0967f,0.0f,-0.1524f,0.9471f,-0.2825f,1.4375f,-0.0548f,-0.2936f,-0.9544f,0.0f,0.0f,0.0f,0.0f,1.0f],start_interpolation:0,interpolation_duration:1}
$data merge entity $(bone_right_arm) {transformation:[-0.9989f,0.0344f,-0.0321f,-0.2472f,0.0448f,0.4834f,-0.8743f,-1022.5878f,-0.0146f,-0.8747f,-0.4844f,0.0272f,0.0f,0.0f,0.0f,1.0f],start_interpolation:0,interpolation_duration:1}
$data merge entity $(bone_left_arm) {transformation:[-0.9505f,-0.3073f,0.0454f,0.2472f,-0.2432f,0.6451f,-0.7244f,-2046.5372f,0.1933f,-0.6996f,-0.6879f,-0.0272f,0.0f,0.0f,0.0f,1.0f],start_interpolation:0,interpolation_duration:1}
$data merge entity $(bone_right_leg) {transformation:[-0.9855f,0.1664f,0.0329f,-0.0259f,0.1042f,0.7472f,-0.6564f,-4095.1636f,-0.1338f,-0.6435f,-0.7537f,0.3553f,0.0f,0.0f,0.0f,1.0f],start_interpolation:0,interpolation_duration:1}
$data merge entity $(bone_left_leg) {transformation:[-0.9919f,-0.0582f,-0.1131f,0.2214f,0.0397f,0.703f,-0.7101f,-5119.1384f,0.1208f,-0.7088f,-0.695f,0.3281f,0.0f,0.0f,0.0f,1.0f],start_interpolation:0,interpolation_duration:1}
$data merge entity $(bone_torso) {transformation:[-0.9889f,-0.1422f,-0.043f,0.0f,-0.101f,0.856f,-0.507f,-3070.5625f,0.1089f,-0.497f,-0.8609f,0.0f,0.0f,0.0f,0.0f,1.0f],start_interpolation:0,interpolation_duration:1}
