# This file was generated by Animated Java via MC-Build. It is not recommended to edit this file directly.
$data merge entity $(bone_head) {transformation:[-0.9937f,-0.0981f,0.0535f,0.0f,-0.106f,0.9792f,-0.1731f,1.4375f,-0.0354f,-0.1777f,-0.9835f,0.0f,0.0f,0.0f,0.0f,1.0f],start_interpolation:0,interpolation_duration:1}
$data merge entity $(bone_right_arm) {transformation:[-0.9987f,-0.0028f,-0.0507f,-0.2482f,0.0381f,0.6174f,-0.7857f,-1022.5828f,0.0335f,-0.7866f,-0.6165f,0.0218f,0.0f,0.0f,0.0f,1.0f],start_interpolation:0,interpolation_duration:1}
$data merge entity $(bone_left_arm) {transformation:[-0.966f,-0.2549f,0.0441f,0.2482f,-0.2129f,0.6869f,-0.6949f,-2046.5422f,0.1468f,-0.6806f,-0.7178f,-0.0218f,0.0f,0.0f,0.0f,1.0f],start_interpolation:0,interpolation_duration:1}
$data merge entity $(bone_right_leg) {transformation:[-0.9775f,0.211f,-0.0018f,-0.0487f,0.1572f,0.7226f,-0.6732f,-4095.1966f,-0.1407f,-0.6583f,-0.7395f,0.2895f,0.0f,0.0f,0.0f,1.0f],start_interpolation:0,interpolation_duration:1}
$data merge entity $(bone_left_leg) {transformation:[-0.9884f,-0.0341f,-0.1483f,0.1995f,0.0715f,0.7563f,-0.6503f,-5119.1764f,0.1343f,-0.6534f,-0.745f,0.2677f,0.0f,0.0f,0.0f,1.0f],start_interpolation:0,interpolation_duration:1}
$data merge entity $(bone_torso) {transformation:[-0.9929f,-0.1097f,-0.0463f,0.0f,-0.081f,0.9076f,-0.4119f,-3070.5625f,0.0872f,-0.4052f,-0.9101f,0.0f,0.0f,0.0f,0.0f,1.0f],start_interpolation:0,interpolation_duration:1}
