# This file was generated by Animated Java via MC-Build. It is not recommended to edit this file directly.
$data merge entity $(bone_head) {transformation:[-0.9974f,-0.067f,0.0279f,0.0f,-0.0694f,0.9932f,-0.094f,1.4375f,-0.0214f,-0.0956f,-0.9952f,0.0f,0.0f,0.0f,0.0f,1.0f],start_interpolation:0,interpolation_duration:1}
$data merge entity $(bone_right_arm) {transformation:[-0.998f,0.0156f,-0.0606f,-0.249f,0.0482f,0.8089f,-0.586f,-1022.5777f,0.0399f,-0.5878f,-0.808f,0.0164f,0.0f,0.0f,0.0f,1.0f],start_interpolation:0,interpolation_duration:1}
$data merge entity $(bone_left_arm) {transformation:[-0.9773f,-0.2083f,0.0395f,0.249f,-0.1841f,0.7416f,-0.6451f,-2046.5473f,0.1051f,-0.6377f,-0.7631f,-0.0164f,0.0f,0.0f,0.0f,1.0f],start_interpolation:0,interpolation_duration:1}
$data merge entity $(bone_right_leg) {transformation:[-0.97f,0.2408f,-0.0327f,-0.0707f,0.202f,0.7239f,-0.6597f,-4095.2219f,-0.1352f,-0.6465f,-0.7508f,0.2202f,0.0f,0.0f,0.0f,1.0f],start_interpolation:0,interpolation_duration:1}
$data merge entity $(bone_left_leg) {transformation:[-0.9896f,-0.0355f,-0.1395f,0.1783f,0.0453f,0.8429f,-0.5362f,-5119.2067f,0.1366f,-0.5369f,-0.8325f,0.2038f,0.0f,0.0f,0.0f,1.0f],start_interpolation:0,interpolation_duration:1}
$data merge entity $(bone_torso) {transformation:[-0.996f,-0.0782f,-0.0432f,0.0f,-0.0609f,0.948f,-0.3122f,-3070.5625f,0.0654f,-0.3084f,-0.949f,0.0f,0.0f,0.0f,0.0f,1.0f],start_interpolation:0,interpolation_duration:1}
