# This file was generated by Animated Java via MC-Build. It is not recommended to edit this file directly.
$data merge entity $(bone_head) {transformation:[-0.9991f,-0.0378f,0.0212f,0.0f,-0.0402f,0.9908f,-0.1295f,1.4375f,-0.0162f,-0.1302f,-0.9914f,0.0f,0.0f,0.0f,0.0f,1.0f],start_interpolation:0,interpolation_duration:1}
$data merge entity $(bone_right_arm) {transformation:[-0.997f,0.0629f,-0.0457f,-0.2496f,0.0724f,0.9649f,-0.2524f,-1022.5727f,0.0282f,-0.2549f,-0.9666f,0.0109f,0.0f,0.0f,0.0f,1.0f],start_interpolation:0,interpolation_duration:1}
$data merge entity $(bone_left_arm) {transformation:[-0.985f,-0.1682f,0.0379f,0.2496f,-0.1588f,0.7993f,-0.5796f,-2046.5523f,0.0672f,-0.5769f,-0.814f,-0.0109f,0.0f,0.0f,0.0f,1.0f],start_interpolation:0,interpolation_duration:1}
$data merge entity $(bone_right_leg) {transformation:[-0.969f,0.2345f,-0.0775f,-0.0912f,0.2264f,0.7182f,-0.658f,-4095.2392f,-0.0987f,-0.6551f,-0.749f,0.1483f,0.0f,0.0f,0.0f,1.0f],start_interpolation:0,interpolation_duration:1}
$data merge entity $(bone_left_leg) {transformation:[-0.9936f,-0.064f,-0.0934f,0.1584f,-0.0261f,0.932f,-0.3616f,-5119.2291f,0.1102f,-0.3568f,-0.9277f,0.1374f,0.0f,0.0f,0.0f,1.0f],start_interpolation:0,interpolation_duration:1}
$data merge entity $(bone_torso) {transformation:[-0.9982f,-0.0489f,-0.0342f,0.0f,-0.0407f,0.977f,-0.2095f,-3070.5625f,0.0436f,-0.2077f,-0.9772f,0.0f,0.0f,0.0f,0.0f,1.0f],start_interpolation:0,interpolation_duration:1}
