# This file was generated by Animated Java via MC-Build. It is not recommended to edit this file directly.
$data merge entity $(bone_head) {transformation:[-0.9998f,-0.0124f,0.0183f,0.0f,-0.0161f,0.9751f,-0.221f,1.4375f,-0.0151f,-0.2213f,-0.9751f,0.0f,0.0f,0.0f,0.0f,1.0f],start_interpolation:0,interpolation_duration:1}
$data merge entity $(bone_right_arm) {transformation:[-0.9945f,0.1043f,-0.0023f,-0.2499f,0.1036f,0.9903f,0.0926f,-1022.5676f,0.0119f,0.0919f,-0.9957f,0.0055f,0.0f,0.0f,0.0f,1.0f],start_interpolation:0,interpolation_duration:1}
$data merge entity $(bone_left_arm) {transformation:[-0.9888f,-0.1439f,0.0396f,0.2499f,-0.1453f,0.8672f,-0.4762f,-2046.5574f,0.0342f,-0.4766f,-0.8784f,-0.0055f,0.0f,0.0f,0.0f,1.0f],start_interpolation:0,interpolation_duration:1}
$data merge entity $(bone_right_leg) {transformation:[-0.9745f,0.2033f,-0.0948f,-0.1095f,0.2196f,0.7788f,-0.5876f,-4095.2486f,-0.0456f,-0.5934f,-0.8036f,0.0746f,0.0f,0.0f,0.0f,1.0f],start_interpolation:0,interpolation_duration:1}
$data merge entity $(bone_left_leg) {transformation:[-0.9923f,-0.1164f,-0.042f,0.1404f,-0.1088f,0.9823f,-0.1522f,-5119.2435f,0.059f,-0.1464f,-0.9875f,0.0691f,0.0f,0.0f,0.0f,1.0f],start_interpolation:0,interpolation_duration:1}
$data merge entity $(bone_torso) {transformation:[-0.9996f,-0.0225f,-0.0196f,0.0f,-0.0204f,0.9943f,-0.1049f,-3070.5625f,0.0218f,-0.1045f,-0.9943f,0.0f,0.0f,0.0f,0.0f,1.0f],start_interpolation:0,interpolation_duration:1}
