# This file was generated by Animated Java via MC-Build. It is not recommended to edit this file directly.
$data merge entity $(bone_head) {transformation:[-0.9949f,0.008f,-0.1004f,0.0f,-0.046f,0.8509f,0.5233f,1.4375f,0.0896f,0.5253f,-0.8462f,0.0f,0.0f,0.0f,0.0f,1.0f],start_interpolation:0,interpolation_duration:1}
$data merge entity $(bone_right_arm) {transformation:[-0.984f,0.1688f,0.0569f,-0.2483f,0.1755f,0.9738f,0.1449f,-1022.5429f,-0.031f,0.1525f,-0.9878f,-0.0211f,0.0f,0.0f,0.0f,1.0f],start_interpolation:0,interpolation_duration:1}
$data merge entity $(bone_left_arm) {transformation:[-0.9905f,-0.0939f,0.1f,0.2483f,-0.0342f,0.8752f,0.4826f,-2046.5821f,-0.1328f,0.4746f,-0.8701f,0.0211f,0.0f,0.0f,0.0f,1.0f],start_interpolation:0,interpolation_duration:1}
$data merge entity $(bone_right_leg) {transformation:[-0.9985f,-0.0319f,0.0445f,-0.1511f,-0.0364f,0.9937f,-0.1058f,-4095.1843f,-0.0409f,-0.1072f,-0.9934f,-0.2807f,0.0f,0.0f,0.0f,1.0f],start_interpolation:0,interpolation_duration:1}
$data merge entity $(bone_left_leg) {transformation:[-0.9207f,-0.3896f,0.0247f,0.0972f,-0.3059f,0.7593f,0.5743f,-5119.2039f,-0.2425f,0.5212f,-0.8183f,-0.2596f,0.0f,0.0f,0.0f,1.0f],start_interpolation:0,interpolation_duration:1}
$data merge entity $(bone_torso) {transformation:[-0.9933f,0.0392f,0.1083f,0.0f,0.0785f,0.9187f,0.387f,-3070.5625f,-0.0844f,0.393f,-0.9157f,0.0f,0.0f,0.0f,0.0f,1.0f],start_interpolation:0,interpolation_duration:1}
