# This file was generated by Animated Java via MC-Build. It is not recommended to edit this file directly.
$data merge entity $(bone_head) {transformation:[-0.9973f,0.0041f,-0.0739f,0.0f,-0.0456f,0.7518f,0.6578f,1.4375f,0.0583f,0.6594f,-0.7496f,0.0f,0.0f,0.0f,0.0f,1.0f],start_interpolation:0,interpolation_duration:1}
$data merge entity $(bone_right_arm) {transformation:[-0.9801f,0.1885f,0.0618f,-0.2474f,0.1939f,0.9763f,0.0962f,-1022.538f,-0.0422f,0.1063f,-0.9934f,-0.0263f,0.0f,0.0f,0.0f,1.0f],start_interpolation:0,interpolation_duration:1}
$data merge entity $(bone_left_arm) {transformation:[-0.9864f,-0.1142f,0.1181f,0.2474f,-0.0083f,0.7525f,0.6586f,-2046.587f,-0.1641f,0.6486f,-0.7432f,0.0263f,0.0f,0.0f,0.0f,1.0f],start_interpolation:0,interpolation_duration:1}
$data merge entity $(bone_right_leg) {transformation:[-0.9926f,-0.0843f,0.0871f,-0.1478f,-0.0837f,0.9964f,0.0107f,-4095.1519f,-0.0877f,0.0034f,-0.9961f,-0.345f,0.0f,0.0f,0.0f,1.0f],start_interpolation:0,interpolation_duration:1}
$data merge entity $(bone_left_leg) {transformation:[-0.9102f,-0.4093f,0.0632f,0.0996f,-0.2756f,0.7125f,0.6453f,-5119.1764f,-0.3092f,0.5699f,-0.7613f,-0.3186f,0.0f,0.0f,0.0f,1.0f],start_interpolation:0,interpolation_duration:1}
$data merge entity $(bone_torso) {transformation:[-0.9896f,0.0351f,0.1394f,0.0f,0.0978f,0.8751f,0.4739f,-3070.5625f,-0.1054f,0.4826f,-0.8695f,0.0f,0.0f,0.0f,0.0f,1.0f],start_interpolation:0,interpolation_duration:1}
