# This file was generated by Animated Java via MC-Build. It is not recommended to edit this file directly.
$data merge entity $(bone_head) {transformation:[-0.9999f,-0.0123f,-0.0121f,0.0f,-0.0172f,0.6699f,0.7423f,1.4375f,-0.001f,0.7424f,-0.67f,0.0f,0.0f,0.0f,0.0f,1.0f],start_interpolation:0,interpolation_duration:1}
$data merge entity $(bone_right_arm) {transformation:[-0.9734f,0.2148f,0.0802f,-0.2463f,0.2235f,0.967f,0.1224f,-1022.5332f,-0.0513f,0.137f,-0.9892f,-0.0316f,0.0f,0.0f,0.0f,1.0f],start_interpolation:0,interpolation_duration:1}
$data merge entity $(bone_left_arm) {transformation:[-0.9806f,-0.1448f,0.1319f,0.2463f,0.0168f,0.6089f,0.7931f,-2046.5918f,-0.1952f,0.7799f,-0.5947f,0.0316f,0.0f,0.0f,0.0f,1.0f],start_interpolation:0,interpolation_duration:1}
$data merge entity $(bone_right_leg) {transformation:[-0.9843f,-0.124f,0.1255f,-0.1404f,-0.1061f,0.9845f,0.14f,-4095.1141f,-0.1409f,0.1245f,-0.9822f,-0.4054f,0.0f,0.0f,0.0f,1.0f],start_interpolation:0,interpolation_duration:1}
$data merge entity $(bone_left_leg) {transformation:[-0.9119f,-0.389f,0.1307f,0.1058f,-0.2024f,0.7035f,0.6812f,-5119.1433f,-0.357f,0.5948f,-0.7203f,-0.3738f,0.0f,0.0f,0.0f,1.0f],start_interpolation:0,interpolation_duration:1}
$data merge entity $(bone_torso) {transformation:[-0.9851f,0.0251f,0.1704f,0.0f,0.117f,0.8235f,0.555f,-3070.5625f,-0.1263f,0.5667f,-0.8142f,0.0f,0.0f,0.0f,0.0f,1.0f],start_interpolation:0,interpolation_duration:1}
