# This file was generated by Animated Java via MC-Build. It is not recommended to edit this file directly.
$data merge entity $(bone_head) {transformation:[-0.9965f,-0.0364f,0.0758f,0.0f,0.0397f,0.5904f,0.8061f,1.4375f,-0.0741f,0.8063f,-0.5869f,0.0f,0.0f,0.0f,0.0f,1.0f],start_interpolation:0,interpolation_duration:1}
$data merge entity $(bone_right_arm) {transformation:[-0.9535f,0.2723f,0.1294f,-0.2449f,0.2976f,0.9189f,0.2591f,-1022.5285f,-0.0483f,0.2855f,-0.9572f,-0.0368f,0.0f,0.0f,0.0f,1.0f],start_interpolation:0,interpolation_duration:1}
$data merge entity $(bone_left_arm) {transformation:[-0.9731f,-0.1822f,0.141f,0.2449f,0.0404f,0.4677f,0.883f,-2046.5965f,-0.2268f,0.8649f,-0.4478f,0.0368f,0.0f,0.0f,0.0f,1.0f],start_interpolation:0,interpolation_duration:1}
$data merge entity $(bone_right_leg) {transformation:[-0.9769f,-0.1443f,0.1574f,-0.1289f,-0.0953f,0.9543f,0.2834f,-4095.0713f,-0.1911f,0.2618f,-0.946f,-0.4613f,0.0f,0.0f,0.0f,1.0f],start_interpolation:0,interpolation_duration:1}
$data merge entity $(bone_left_leg) {transformation:[-0.9205f,-0.3265f,0.2145f,0.1161f,-0.0988f,0.7258f,0.6808f,-5119.1053f,-0.378f,0.6055f,-0.7004f,-0.4245f,0.0f,0.0f,0.0f,1.0f],start_interpolation:0,interpolation_duration:1}
$data merge entity $(bone_torso) {transformation:[-0.9797f,0.0093f,0.2002f,0.0f,0.136f,0.7647f,0.6298f,-3070.5625f,-0.1473f,0.6443f,-0.7505f,0.0f,0.0f,0.0f,0.0f,1.0f],start_interpolation:0,interpolation_duration:1}
