# This file was generated by Animated Java via MC-Build. It is not recommended to edit this file directly.
$data merge entity $(bone_head) {transformation:[-0.9688f,0.0445f,-0.2438f,0.0f,-0.1742f,0.5777f,0.7974f,1.4375f,0.1763f,0.815f,-0.5519f,0.0f,0.0f,0.0f,0.0f,1.0f],start_interpolation:0,interpolation_duration:1}
$data merge entity $(bone_right_arm) {transformation:[-0.9569f,0.2145f,-0.1958f,-0.2446f,0.1202f,0.9062f,0.4055f,-1022.5976f,0.2644f,0.3645f,-0.8929f,0.038f,0.0f,0.0f,0.0f,1.0f],start_interpolation:0,interpolation_duration:1}
$data merge entity $(bone_left_arm) {transformation:[-0.9693f,-0.0326f,-0.2435f,0.2446f,-0.2371f,0.3842f,0.8923f,-2046.5274f,0.0645f,0.9227f,-0.3802f,-0.038f,0.0f,0.0f,0.0f,1.0f],start_interpolation:0,interpolation_duration:1}
$data merge entity $(bone_right_leg) {transformation:[-0.945f,-0.2121f,-0.249f,-0.119f,-0.3071f,0.8376f,0.4518f,-4095.0957f,0.1127f,0.5034f,-0.8567f,-0.4357f,0.0f,0.0f,0.0f,1.0f],start_interpolation:0,interpolation_duration:1}
$data merge entity $(bone_left_leg) {transformation:[-0.9571f,-0.2524f,-0.142f,0.1256f,-0.2845f,0.7275f,0.6244f,-5119.0606f,-0.0543f,0.638f,-0.7681f,-0.4737f,0.0f,0.0f,0.0f,1.0f],start_interpolation:0,interpolation_duration:1}
$data merge entity $(bone_torso) {transformation:[-0.9783f,-0.0048f,-0.207f,0.0f,-0.1404f,0.7501f,0.6463f,-3070.5625f,0.1521f,0.6613f,-0.7345f,0.0f,0.0f,0.0f,0.0f,1.0f],start_interpolation:0,interpolation_duration:1}
