# This file was generated by Animated Java via MC-Build. It is not recommended to edit this file directly.
$data merge entity $(bone_head) {transformation:[-0.9209f,-0.1195f,0.3709f,0.0f,0.3011f,0.3859f,0.872f,1.4375f,-0.2474f,0.9148f,-0.3194f,0.0f,0.0f,0.0f,0.0f,1.0f],start_interpolation:0,interpolation_duration:1}
$data merge entity $(bone_right_arm) {transformation:[-0.8627f,0.2858f,0.4173f,-0.2397f,0.5022f,0.3861f,0.7738f,-1022.5146f,0.0601f,0.8771f,-0.4766f,-0.0524f,0.0f,0.0f,0.0f,1.0f],start_interpolation:0,interpolation_duration:1}
$data merge entity $(bone_left_arm) {transformation:[-0.9337f,-0.2992f,0.1967f,0.2397f,0.0932f,0.3272f,0.9404f,-2046.6104f,-0.3457f,0.8964f,-0.2776f,0.0524f,0.0f,0.0f,0.0f,1.0f],start_interpolation:0,interpolation_duration:1}
$data merge entity $(bone_right_leg) {transformation:[-0.954f,-0.0317f,0.2983f,-0.0712f,0.272f,0.328f,0.9047f,-4094.9191f,-0.1265f,0.9441f,-0.3043f,-0.5967f,0.0f,0.0f,0.0f,1.0f],start_interpolation:0,interpolation_duration:1}
$data merge entity $(bone_left_leg) {transformation:[-0.9166f,-0.0638f,0.3946f,0.1686f,0.2184f,0.7468f,0.6282f,-5118.967f,-0.3348f,0.662f,-0.6706f,-0.5443f,0.0f,0.0f,0.0f,1.0f],start_interpolation:0,interpolation_duration:1}
$data merge entity $(bone_torso) {transformation:[-0.9589f,-0.0708f,0.2749f,0.0f,0.1914f,0.5535f,0.8105f,-3070.5625f,-0.2096f,0.8298f,-0.5172f,0.0f,0.0f,0.0f,0.0f,1.0f],start_interpolation:0,interpolation_duration:1}
