# This file was generated by Animated Java via MC-Build. It is not recommended to edit this file directly.
$data merge entity $(bone_head) {transformation:[-0.9022f,-0.1679f,0.3972f,0.0f,0.3224f,0.3491f,0.8799f,1.4375f,-0.2864f,0.9219f,-0.2608f,0.0f,0.0f,0.0f,0.0f,1.0f],start_interpolation:0,interpolation_duration:1}
$data merge entity $(bone_right_arm) {transformation:[-0.9485f,-0.0395f,0.3143f,-0.2301f,0.3151f,-0.22f,0.9232f,-1022.4974f,0.0327f,0.9747f,0.2211f,-0.0728f,0.0f,0.0f,0.0f,1.0f],start_interpolation:0,interpolation_duration:1}
$data merge entity $(bone_left_arm) {transformation:[-0.8177f,-0.4361f,0.3756f,0.2301f,0.1511f,0.4671f,0.8712f,-2046.6276f,-0.5554f,0.7691f,-0.3161f,0.0728f,0.0f,0.0f,0.0f,1.0f],start_interpolation:0,interpolation_duration:1}
$data merge entity $(bone_right_leg) {transformation:[-0.8349f,0.2903f,0.4676f,0.0471f,0.5167f,0.1206f,0.8476f,-4094.684f,0.1897f,0.9493f,-0.2507f,-0.6865f,0.0f,0.0f,0.0f,1.0f],start_interpolation:0,interpolation_duration:1}
$data merge entity $(bone_left_leg) {transformation:[-0.7458f,-0.3802f,0.547f,0.2772f,0.4594f,0.301f,0.8357f,-5118.7492f,-0.4824f,0.8745f,-0.0498f,-0.6137f,0.0f,0.0f,0.0f,1.0f],start_interpolation:0,interpolation_duration:1}
$data merge entity $(bone_torso) {transformation:[-0.9205f,-0.2358f,0.3117f,0.0f,0.2606f,0.2241f,0.9391f,-3070.5625f,-0.2913f,0.9456f,-0.1449f,0.0f,0.0f,0.0f,0.0f,1.0f],start_interpolation:0,interpolation_duration:1}
