# This file was generated by Animated Java via MC-Build. It is not recommended to edit this file directly.
$data merge entity $(bone_head) {transformation:[-0.9091f,-0.2098f,0.36f,0.0f,0.2768f,0.3415f,0.8982f,1.4375f,-0.3114f,0.9161f,-0.2524f,0.0f,0.0f,0.0f,0.0f,1.0f],start_interpolation:0,interpolation_duration:1}
$data merge entity $(bone_right_arm) {transformation:[-0.9631f,-0.0996f,0.2499f,-0.2273f,0.2689f,-0.3292f,0.9052f,-1022.4933f,-0.0079f,0.939f,0.3439f,-0.0779f,0.0f,0.0f,0.0f,1.0f],start_interpolation:0,interpolation_duration:1}
$data merge entity $(bone_left_arm) {transformation:[-0.7687f,-0.5038f,0.394f,0.2273f,0.1585f,0.4468f,0.8805f,-2046.6317f,-0.6196f,0.7393f,-0.2636f,0.0779f,0.0f,0.0f,0.0f,1.0f],start_interpolation:0,interpolation_duration:1}
$data merge entity $(bone_right_leg) {transformation:[-0.8354f,0.3051f,0.4573f,0.0808f,0.5024f,0.0861f,0.8603f,-4094.6235f,0.2231f,0.9484f,-0.2252f,-0.6914f,0.0f,0.0f,0.0f,1.0f],start_interpolation:0,interpolation_duration:1}
$data merge entity $(bone_left_leg) {transformation:[-0.6713f,-0.5437f,0.5037f,0.308f,0.5226f,0.1347f,0.8419f,-5118.6927f,-0.5256f,0.8284f,0.1937f,-0.6135f,0.0f,0.0f,0.0f,1.0f],start_interpolation:0,interpolation_duration:1}
$data merge entity $(bone_torso) {transformation:[-0.9091f,-0.2828f,0.306f,0.0f,0.2768f,0.1391f,0.9508f,-3070.5625f,-0.3114f,0.9491f,-0.0481f,0.0f,0.0f,0.0f,0.0f,1.0f],start_interpolation:0,interpolation_duration:1}
