# This file was generated by Animated Java via MC-Build. It is not recommended to edit this file directly.
$data merge entity $(bone_head) {transformation:[-0.8951f,-0.2601f,0.3622f,0.0f,0.3008f,0.2475f,0.921f,1.4375f,-0.3292f,0.9333f,-0.1433f,0.0f,0.0f,0.0f,0.0f,1.0f],start_interpolation:0,interpolation_duration:1}
$data merge entity $(bone_right_arm) {transformation:[-0.9685f,-0.1412f,0.2053f,-0.2242f,0.2454f,-0.398f,0.8839f,-1022.4894f,-0.0431f,0.9065f,0.4201f,-0.0829f,0.0f,0.0f,0.0f,1.0f],start_interpolation:0,interpolation_duration:1}
$data merge entity $(bone_left_arm) {transformation:[-0.7122f,-0.5734f,0.4049f,0.2242f,0.1719f,0.4168f,0.8926f,-2046.6356f,-0.6806f,0.7053f,-0.1983f,0.0829f,0.0f,0.0f,0.0f,1.0f],start_interpolation:0,interpolation_duration:1}
$data merge entity $(bone_right_leg) {transformation:[-0.8694f,0.1542f,0.4694f,0.115f,0.4601f,-0.0938f,0.8829f,-4094.5634f,0.1802f,0.9836f,0.0106f,-0.6892f,0.0f,0.0f,0.0f,1.0f],start_interpolation:0,interpolation_duration:1}
$data merge entity $(bone_left_leg) {transformation:[-0.6058f,-0.6729f,0.4246f,0.3393f,0.5813f,-0.0099f,0.8136f,-5118.6365f,-0.5433f,0.7397f,0.3971f,-0.6064f,0.0f,0.0f,0.0f,1.0f],start_interpolation:0,interpolation_duration:1}
$data merge entity $(bone_torso) {transformation:[-0.897f,-0.3304f,0.2937f,0.0f,0.2926f,0.0545f,0.9547f,-3070.5625f,-0.3314f,0.9423f,0.0478f,0.0f,0.0f,0.0f,0.0f,1.0f],start_interpolation:0,interpolation_duration:1}
