# This file was generated by Animated Java via MC-Build. It is not recommended to edit this file directly.
$data merge entity $(bone_head) {transformation:[-0.8778f,-0.3138f,0.3618f,0.0f,0.3372f,0.1315f,0.9322f,1.4375f,-0.3401f,0.9403f,-0.0096f,0.0f,0.0f,0.0f,0.0f,1.0f],start_interpolation:0,interpolation_duration:1}
$data merge entity $(bone_right_arm) {transformation:[-0.967f,-0.1619f,0.1969f,-0.2211f,0.2477f,-0.414f,0.8759f,-1022.4855f,-0.0603f,0.8958f,0.4404f,-0.0878f,0.0f,0.0f,0.0f,1.0f],start_interpolation:0,interpolation_duration:1}
$data merge entity $(bone_left_arm) {transformation:[-0.6559f,-0.6358f,0.4069f,0.2211f,0.1976f,0.3756f,0.9055f,-2046.6395f,-0.7285f,0.6743f,-0.1207f,0.0878f,0.0f,0.0f,0.0f,1.0f],start_interpolation:0,interpolation_duration:1}
$data merge entity $(bone_right_leg) {transformation:[-0.9096f,-0.0931f,0.4049f,0.1491f,0.4096f,-0.3634f,0.8368f,-4094.5042f,0.0693f,0.927f,0.3687f,-0.6802f,0.0f,0.0f,0.0f,1.0f],start_interpolation:0,interpolation_duration:1}
$data merge entity $(bone_left_leg) {transformation:[-0.5682f,-0.7457f,0.3479f,0.3702f,0.6266f,-0.1181f,0.7703f,-5118.5811f,-0.5334f,0.6557f,0.5344f,-0.5924f,0.0f,0.0f,0.0f,1.0f],start_interpolation:0,interpolation_duration:1}
$data merge entity $(bone_torso) {transformation:[-0.8842f,-0.3777f,0.2747f,0.0f,0.3078f,-0.0289f,0.951f,-3070.5625f,-0.3513f,0.9255f,0.1418f,0.0f,0.0f,0.0f,0.0f,1.0f],start_interpolation:0,interpolation_duration:1}
