# This file was generated by Animated Java via MC-Build. It is not recommended to edit this file directly.
$data merge entity $(bone_head) {transformation:[-0.8592f,-0.37f,0.3533f,0.0f,0.38f,0.0007f,0.925f,1.4375f,-0.3425f,0.929f,0.14f,0.0f,0.0f,0.0f,0.0f,1.0f],start_interpolation:0,interpolation_duration:1}
$data merge entity $(bone_right_arm) {transformation:[-0.9624f,-0.1618f,0.218f,-0.2177f,0.2649f,-0.3838f,0.8846f,-1022.4819f,-0.0595f,0.9091f,0.4122f,-0.0927f,0.0f,0.0f,0.0f,1.0f],start_interpolation:0,interpolation_duration:1}
$data merge entity $(bone_left_arm) {transformation:[-0.6108f,-0.6844f,0.398f,0.2177f,0.2393f,0.3196f,0.9168f,-2046.6431f,-0.7547f,0.6553f,-0.0315f,0.0927f,0.0f,0.0f,0.0f,1.0f],start_interpolation:0,interpolation_duration:1}
$data merge entity $(bone_right_leg) {transformation:[-0.9269f,-0.288f,0.2408f,0.1825f,0.3703f,-0.5959f,0.7126f,-4094.4463f,-0.0617f,0.7497f,0.6589f,-0.6644f,0.0f,0.0f,0.0f,1.0f],start_interpolation:0,interpolation_duration:1}
$data merge entity $(bone_left_leg) {transformation:[-0.5845f,-0.7557f,0.2954f,0.4002f,0.6389f,-0.2043f,0.7417f,-5118.527f,-0.5001f,0.6222f,0.6022f,-0.5717f,0.0f,0.0f,0.0f,1.0f],start_interpolation:0,interpolation_duration:1}
$data merge entity $(bone_torso) {transformation:[-0.8708f,-0.4238f,0.249f,0.0f,0.3225f,-0.1103f,0.9401f,-3070.5625f,-0.3709f,0.899f,0.2328f,0.0f,0.0f,0.0f,0.0f,1.0f],start_interpolation:0,interpolation_duration:1}
