# This file was generated by Animated Java via MC-Build. It is not recommended to edit this file directly.
$data merge entity $(bone_head) {transformation:[-0.841f,-0.4264f,0.3331f,0.0f,0.4237f,-0.1361f,0.8955f,1.4375f,-0.3365f,0.8942f,0.2951f,0.0f,0.0f,0.0f,0.0f,1.0f],start_interpolation:0,interpolation_duration:1}
$data merge entity $(bone_right_arm) {transformation:[-0.9573f,-0.1438f,0.2507f,-0.2142f,0.285f,-0.3272f,0.9009f,-1022.4783f,-0.0475f,0.934f,0.3542f,-0.0976f,0.0f,0.0f,0.0f,1.0f],start_interpolation:0,interpolation_duration:1}
$data merge entity $(bone_left_arm) {transformation:[-0.5927f,-0.72f,0.3609f,0.2142f,0.2989f,0.2194f,0.9287f,-2046.6467f,-0.7479f,0.6583f,0.0852f,0.0976f,0.0f,0.0f,0.0f,1.0f],start_interpolation:0,interpolation_duration:1}
$data merge entity $(bone_right_leg) {transformation:[-0.9237f,-0.3685f,0.1052f,0.2145f,0.3507f,-0.7022f,0.6197f,-4094.3902f,-0.1545f,0.6092f,0.7778f,-0.6423f,0.0f,0.0f,0.0f,1.0f],start_interpolation:0,interpolation_duration:1}
$data merge entity $(bone_left_leg) {transformation:[-0.6459f,-0.7152f,0.267f,0.4287f,0.61f,-0.2731f,0.7438f,-5118.4744f,-0.4591f,0.6433f,0.6127f,-0.5447f,0.0f,0.0f,0.0f,1.0f],start_interpolation:0,interpolation_duration:1}
$data merge entity $(bone_torso) {transformation:[-0.8568f,-0.4678f,0.2167f,0.0f,0.3367f,-0.1893f,0.9224f,-3070.5625f,-0.3905f,0.8633f,0.3197f,0.0f,0.0f,0.0f,0.0f,1.0f],start_interpolation:0,interpolation_duration:1}
