# This file was generated by Animated Java via MC-Build. It is not recommended to edit this file directly.
$data merge entity $(bone_head) {transformation:[-0.9805f,0.0697f,-0.1838f,0.0f,-0.1235f,0.5092f,0.8518f,1.4375f,0.1529f,0.8578f,-0.4906f,0.0f,0.0f,0.0f,0.0f,1.0f],start_interpolation:0,interpolation_duration:1}
$data merge entity $(bone_right_arm) {transformation:[-0.9266f,0.3439f,-0.1522f,-0.2429f,0.1755f,0.7533f,0.6338f,-1022.6024f,0.3326f,0.5606f,-0.7584f,0.0434f,0.0f,0.0f,0.0f,1.0f],start_interpolation:0,interpolation_duration:1}
$data merge entity $(bone_left_arm) {transformation:[-0.9637f,-0.0222f,-0.266f,0.2429f,-0.2589f,0.3207f,0.9111f,-2046.5226f,0.0651f,0.9469f,-0.3148f,-0.0434f,0.0f,0.0f,0.0f,1.0f],start_interpolation:0,interpolation_duration:1}
$data merge entity $(bone_right_leg) {transformation:[-0.9631f,-0.0062f,-0.2692f,-0.1344f,-0.2053f,0.6637f,0.7193f,-4095.0508f,0.1742f,0.748f,-0.6405f,-0.4814f,0.0f,0.0f,0.0f,1.0f],start_interpolation:0,interpolation_duration:1}
$data merge entity $(bone_left_leg) {transformation:[-0.977f,-0.1623f,-0.1381f,0.1085f,-0.2131f,0.7587f,0.6156f,-5119.0109f,0.0048f,0.6309f,-0.7758f,-0.5249f,0.0f,0.0f,0.0f,1.0f],start_interpolation:0,interpolation_duration:1}
$data merge entity $(bone_torso) {transformation:[-0.9718f,0.0188f,-0.2352f,0.0f,-0.1597f,0.6812f,0.7145f,-3070.5625f,0.1736f,0.7319f,-0.659f,0.0f,0.0f,0.0f,0.0f,1.0f],start_interpolation:0,interpolation_duration:1}
