# This file was generated by Animated Java via MC-Build. It is not recommended to edit this file directly.
$data merge entity $(bone_head) {transformation:[-0.812f,-0.5265f,0.252f,0.0f,0.4945f,-0.3911f,0.7762f,1.4375f,-0.3101f,0.7549f,0.5779f,0.0f,0.0f,0.0f,0.0f,1.0f],start_interpolation:0,interpolation_duration:1}
$data merge entity $(bone_right_arm) {transformation:[-0.9519f,-0.1017f,0.2892f,-0.2068f,0.3048f,-0.2122f,0.9285f,-1022.4717f,-0.033f,0.9719f,0.233f,-0.1072f,0.0f,0.0f,0.0f,1.0f],start_interpolation:0,interpolation_duration:1}
$data merge entity $(bone_left_arm) {transformation:[-0.6209f,-0.7515f,0.2227f,0.2068f,0.4172f,-0.0763f,0.9056f,-2046.6533f,-0.6636f,0.6553f,0.3609f,0.1072f,0.0f,0.0f,0.0f,1.0f],start_interpolation:0,interpolation_duration:1}
$data merge entity $(bone_right_leg) {transformation:[-0.9182f,-0.3937f,0.044f,0.272f,0.3387f,-0.7227f,0.6024f,-4094.2848f,-0.2054f,0.568f,0.797f,-0.5807f,0.0f,0.0f,0.0f,1.0f],start_interpolation:0,interpolation_duration:1}
$data merge entity $(bone_left_leg) {transformation:[-0.77f,-0.6088f,0.1912f,0.4788f,0.4891f,-0.3706f,0.7896f,-5118.3756f,-0.4098f,0.7015f,0.583f,-0.4734f,0.0f,0.0f,0.0f,1.0f],start_interpolation:0,interpolation_duration:1}
$data merge entity $(bone_torso) {transformation:[-0.8271f,-0.546f,0.1335f,0.0f,0.3632f,-0.3379f,0.8683f,-3070.5625f,-0.429f,0.7666f,0.4778f,0.0f,0.0f,0.0f,0.0f,1.0f],start_interpolation:0,interpolation_duration:1}
