# This file was generated by Animated Java via MC-Build. It is not recommended to edit this file directly.
$data merge entity $(bone_head) {transformation:[-0.7116f,-0.6269f,-0.3172f,0.0f,0.4567f,-0.7559f,0.4692f,1.4375f,-0.5339f,0.189f,0.8242f,0.0f,0.0f,0.0f,0.0f,1.0f],start_interpolation:0,interpolation_duration:1}
$data merge entity $(bone_right_arm) {transformation:[-0.7548f,-0.5181f,-0.4023f,-0.1721f,0.3469f,-0.8358f,0.4255f,-1022.4518f,-0.5567f,0.1816f,0.8106f,-0.1437f,0.0f,0.0f,0.0f,1.0f],start_interpolation:0,interpolation_duration:1}
$data merge entity $(bone_left_arm) {transformation:[-0.6067f,-0.7933f,-0.0507f,0.1721f,0.533f,-0.4533f,0.7144f,-2046.6732f,-0.5897f,0.4065f,0.6979f,0.1437f,0.0f,0.0f,0.0f,1.0f],start_interpolation:0,interpolation_duration:1}
$data merge entity $(bone_right_leg) {transformation:[-0.8537f,-0.5172f,-0.0609f,0.3451f,0.2492f,-0.5083f,0.8243f,-4093.9838f,-0.4573f,0.6885f,0.5628f,-0.1851f,0.0f,0.0f,0.0f,1.0f],start_interpolation:0,interpolation_duration:1}
$data merge entity $(bone_left_leg) {transformation:[-0.6452f,-0.6921f,-0.3236f,0.5172f,0.4448f,-0.6846f,0.5774f,-5118.0944f,-0.6211f,0.2286f,0.7496f,-0.0414f,0.0f,0.0f,0.0f,1.0f],start_interpolation:0,interpolation_duration:1}
$data merge entity $(bone_torso) {transformation:[-0.6883f,-0.6271f,-0.3646f,0.0f,0.4426f,-0.7613f,0.4738f,-3070.5625f,-0.5747f,0.1647f,0.8016f,0.0f,0.0f,0.0f,0.0f,1.0f],start_interpolation:0,interpolation_duration:1}
