# This file was generated by Animated Java via MC-Build. It is not recommended to edit this file directly.
$data merge entity $(bone_head) {transformation:[-0.6856f,-0.6574f,-0.3128f,0.0f,0.4559f,-0.7226f,0.5195f,1.4375f,-0.5676f,0.2136f,0.7951f,0.0f,0.0f,0.0f,0.0f,1.0f],start_interpolation:0,interpolation_duration:1}
$data merge entity $(bone_right_arm) {transformation:[-0.7392f,-0.3999f,-0.542f,-0.1673f,0.3447f,-0.9159f,0.2057f,-1022.4502f,-0.5786f,-0.0348f,0.8148f,-0.148f,0.0f,0.0f,0.0f,1.0f],start_interpolation:0,interpolation_duration:1}
$data merge entity $(bone_left_arm) {transformation:[-0.5869f,-0.7963f,-0.1464f,0.1673f,0.5468f,-0.5231f,0.6537f,-2046.6748f,-0.5971f,0.3036f,0.7425f,0.148f,0.0f,0.0f,0.0f,1.0f],start_interpolation:0,interpolation_duration:1}
$data merge entity $(bone_right_leg) {transformation:[-0.8031f,-0.5806f,-0.1339f,0.3317f,0.2673f,-0.5518f,0.7899f,-4093.9614f,-0.5325f,0.5986f,0.5984f,-0.13f,0.0f,0.0f,0.0f,1.0f],start_interpolation:0,interpolation_duration:1}
$data merge entity $(bone_left_leg) {transformation:[-0.5897f,-0.6846f,-0.4285f,0.499f,0.5251f,-0.7281f,0.4406f,-5118.0737f,-0.6136f,0.0349f,0.7888f,0.0179f,0.0f,0.0f,0.0f,1.0f],start_interpolation:0,interpolation_duration:1}
$data merge entity $(bone_torso) {transformation:[-0.6692f,-0.6042f,-0.4325f,0.0f,0.4492f,-0.7927f,0.4122f,-3070.5625f,-0.5919f,0.0815f,0.8019f,0.0f,0.0f,0.0f,0.0f,1.0f],start_interpolation:0,interpolation_duration:1}
