# This file was generated by Animated Java via MC-Build. It is not recommended to edit this file directly.
$data merge entity $(bone_head) {transformation:[-0.6398f,-0.6028f,-0.4768f,0.0f,0.4464f,-0.7964f,0.4079f,1.4375f,-0.6256f,0.0481f,0.7786f,0.0f,0.0f,0.0f,0.0f,1.0f],start_interpolation:0,interpolation_duration:1}
$data merge entity $(bone_right_arm) {transformation:[-0.7275f,-0.2645f,-0.633f,-0.1675f,0.3353f,-0.9421f,0.0083f,-1022.4502f,-0.5985f,-0.2063f,0.7741f,-0.1478f,0.0f,0.0f,0.0f,1.0f],start_interpolation:0,interpolation_duration:1}
$data merge entity $(bone_left_arm) {transformation:[-0.5992f,-0.6962f,-0.3953f,0.1675f,0.5568f,-0.7172f,0.4191f,-2046.6748f,-0.5753f,0.031f,0.8174f,0.1478f,0.0f,0.0f,0.0f,1.0f],start_interpolation:0,interpolation_duration:1}
$data merge entity $(bone_right_leg) {transformation:[-0.7172f,-0.6391f,-0.2776f,0.2617f,0.3334f,-0.6646f,0.6687f,-4093.9148f,-0.6119f,0.387f,0.6898f,-0.016f,0.0f,0.0f,0.0f,1.0f],start_interpolation:0,interpolation_duration:1}
$data merge entity $(bone_left_leg) {transformation:[-0.5354f,-0.5898f,-0.6046f,0.4291f,0.6417f,-0.7495f,0.1628f,-5118.027f,-0.5492f,-0.3007f,0.7797f,0.1319f,0.0f,0.0f,0.0f,1.0f],start_interpolation:0,interpolation_duration:1}
$data merge entity $(bone_torso) {transformation:[-0.6699f,-0.5024f,-0.5467f,0.0f,0.449f,-0.8605f,0.2406f,-3070.5625f,-0.5913f,-0.0843f,0.802f,0.0f,0.0f,0.0f,0.0f,1.0f],start_interpolation:0,interpolation_duration:1}
