# This file was generated by Animated Java via MC-Build. It is not recommended to edit this file directly.
$data merge entity $(bone_head) {transformation:[-0.5853f,-0.0533f,-0.8091f,0.0f,0.4941f,-0.8146f,-0.3038f,1.4375f,-0.6429f,-0.5776f,0.5031f,0.0f,0.0f,0.0f,0.0f,1.0f],start_interpolation:0,interpolation_duration:1}
$data merge entity $(bone_right_arm) {transformation:[-0.7589f,-0.3542f,-0.5464f,-0.1866f,0.3142f,-0.9341f,0.1692f,-1022.4583f,-0.5704f,-0.0433f,0.8202f,-0.1297f,0.0f,0.0f,0.0f,1.0f],start_interpolation:0,interpolation_duration:1}
$data merge entity $(bone_left_arm) {transformation:[-0.7181f,-0.1355f,-0.6826f,0.1866f,0.5202f,-0.7561f,-0.3972f,-2046.6667f,-0.4623f,-0.6403f,0.6135f,0.1297f,0.0f,0.0f,0.0f,1.0f],start_interpolation:0,interpolation_duration:1}
$data merge entity $(bone_right_leg) {transformation:[-0.6399f,-0.596f,-0.485f,0.0411f,0.5646f,-0.7929f,0.2293f,-4093.9036f,-0.5212f,-0.1271f,0.8439f,0.229f,0.0f,0.0f,0.0f,1.0f],start_interpolation:0,interpolation_duration:1}
$data merge entity $(bone_left_leg) {transformation:[-0.6012f,-0.3458f,-0.7204f,0.2278f,0.748f,-0.5608f,-0.355f,-5118.0078f,-0.2813f,-0.7523f,0.5958f,0.3587f,0.0f,0.0f,0.0f,1.0f],start_interpolation:0,interpolation_duration:1}
$data merge entity $(bone_torso) {transformation:[-0.7465f,-0.1956f,-0.636f,0.0f,0.4166f,-0.8826f,-0.2176f,-3070.5625f,-0.5188f,-0.4275f,0.7404f,0.0f,0.0f,0.0f,0.0f,1.0f],start_interpolation:0,interpolation_duration:1}
