# This file was generated by Animated Java via MC-Build. It is not recommended to edit this file directly.
$data merge entity $(bone_head) {transformation:[-0.6335f,0.0342f,-0.773f,0.0f,0.4926f,-0.7526f,-0.437f,1.4375f,-0.5967f,-0.6576f,0.4599f,0.0f,0.0f,0.0f,0.0f,1.0f],start_interpolation:0,interpolation_duration:1}
$data merge entity $(bone_right_arm) {transformation:[-0.7738f,-0.3096f,-0.5526f,-0.1912f,0.2918f,-0.9486f,0.1228f,-1022.4609f,-0.5622f,-0.0663f,0.8244f,-0.125f,0.0f,0.0f,0.0f,1.0f],start_interpolation:0,interpolation_duration:1}
$data merge entity $(bone_left_arm) {transformation:[-0.7451f,0.0023f,-0.6669f,0.1912f,0.5067f,-0.6482f,-0.5684f,-2046.6641f,-0.4336f,-0.7615f,0.4818f,0.125f,0.0f,0.0f,0.0f,1.0f],start_interpolation:0,interpolation_duration:1}
$data merge entity $(bone_right_leg) {transformation:[-0.6516f,-0.5435f,-0.5291f,-0.0129f,0.5969f,-0.7979f,0.0845f,-4093.9257f,-0.4681f,-0.2608f,0.8443f,0.2875f,0.0f,0.0f,0.0f,1.0f],start_interpolation:0,interpolation_duration:1}
$data merge entity $(bone_left_leg) {transformation:[-0.6706f,-0.3063f,-0.6756f,0.1783f,0.7004f,-0.5614f,-0.4408f,-5118.0274f,-0.2443f,-0.7688f,0.591f,0.4125f,0.0f,0.0f,0.0f,1.0f],start_interpolation:0,interpolation_duration:1}
$data merge entity $(bone_torso) {transformation:[-0.7647f,-0.1203f,-0.6331f,0.0f,0.4066f,-0.8523f,-0.3291f,-3070.5625f,-0.5f,-0.509f,0.7006f,0.0f,0.0f,0.0f,0.0f,1.0f],start_interpolation:0,interpolation_duration:1}
