# This file was generated by Animated Java via MC-Build. It is not recommended to edit this file directly.
$data merge entity $(bone_head) {transformation:[-0.7014f,0.1047f,-0.7051f,0.0f,0.4662f,-0.681f,-0.5648f,1.4375f,-0.5392f,-0.7248f,0.4288f,0.0f,0.0f,0.0f,0.0f,1.0f],start_interpolation:0,interpolation_duration:1}
$data merge entity $(bone_right_arm) {transformation:[-0.7974f,-0.1593f,-0.582f,-0.1956f,0.2226f,-0.9742f,-0.0384f,-1022.4636f,-0.5609f,-0.1602f,0.8123f,-0.1202f,0.0f,0.0f,0.0f,1.0f],start_interpolation:0,interpolation_duration:1}
$data merge entity $(bone_left_arm) {transformation:[-0.7708f,0.1089f,-0.6278f,0.1956f,0.4929f,-0.5224f,-0.6958f,-2046.6614f,-0.4038f,-0.8457f,0.349f,0.1202f,0.0f,0.0f,0.0f,1.0f],start_interpolation:0,interpolation_duration:1}
$data merge entity $(bone_right_leg) {transformation:[-0.681f,-0.4585f,-0.5709f,-0.0646f,0.5995f,-0.7969f,-0.0751f,-4093.9573f,-0.4205f,-0.3934f,0.8176f,0.3432f,0.0f,0.0f,0.0f,1.0f],start_interpolation:0,interpolation_duration:1}
$data merge entity $(bone_left_leg) {transformation:[-0.7458f,-0.2643f,-0.6115f,0.131f,0.6223f,-0.6039f,-0.498f,-5118.0562f,-0.2377f,-0.752f,0.6149f,0.4634f,0.0f,0.0f,0.0f,1.0f],start_interpolation:0,interpolation_duration:1}
$data merge entity $(bone_torso) {transformation:[-0.7823f,-0.0483f,-0.621f,0.0f,0.3958f,-0.8084f,-0.4357f,-3070.5625f,-0.481f,-0.5866f,0.6515f,0.0f,0.0f,0.0f,0.0f,1.0f],start_interpolation:0,interpolation_duration:1}
